1000
10000
953 969
188 614
64 807
7 273
95 157
270 912
3 797
292 671
89 571
140 802
33 676
420 856
57 804
456 513
450 735
169 456
386 979
274 509
265 918
168 985
106 107
302 985
391 505
897 902
556 609
363 443
299 687
660 666
557 982
30 233
274 859
174 921
389 617
7 515
535 671
447 558
237 977
952 959
19 754
308 628
468 617
676 795
201 273
546 685
683 919
141 636
7 407
175 220
254 513
199 348
713 798
4 109
229 456
220 636
225 751
151 536
202 767
16 348
875 981
204 813
116 700
498 765
312 346
179 756
643 860
734 978
371 926
320 880
84 115
175 462
130 985
586 999
391 760
331 480
281 888
215 534
863 984
472 870
637 937
98 134
516 647
1 201
152 599
143 779
69 601
253 947
17 182
5 845
643 873
285 899
300 470
238 824
85 316
76 725
258 473
203 537
153 945
184 295
84 357
782 887
152 491
353 481
224 596
149 193
94 257
733 887
717 879
175 596
10 263
409 534
629 766
736 892
395 599
538 648
534 943
362 422
331 843
9 829
430 822
201 999
270 604
22 502
531 645
388 596
145 609
747 943
2 789
122 854
227 907
615 723
386 900
694 787
241 253
174 263
301 304
27 967
416 779
206 969
536 844
233 843
398 910
19 325
253 263
10 505
698 879
304 723
1 456
419 969
642 718
344 795
72 336
218 390
163 491
127 797
25 786
319 967
186 623
552 680
376 720
648 913
238 261
301 546
666 967
581 600
605 957
779 844
149 448
341 618
470 503
179 556
368 492
98 631
395 854
178 331
651 780
610 779
656 895
104 153
496 677
224 972
122 170
416 913
259 441
438 672
234 613
82 744
505 847
469 924
73 695
890 954
334 965
325 916
232 688
245 398
792 796
52 986
0 567
110 173
41 339
60 352
321 393
219 345
535 618
22 999
75 862
278 696
424 750
570 804
284 447
52 878
289 296
478 986
32 411
393 619
579 809
491 925
183 809
164 301
334 978
628 930
908 984
424 871
138 514
322 860
129 694
671 748
91 173
253 760
201 570
368 747
65 709
104 637
706 742
398 589
692 807
24 119
669 823
306 771
259 925
326 686
340 355
523 705
32 653
794 976
233 414
30 314
62 761
871 930
444 826
494 943
158 994
221 525
204 881
634 694
424 884
726 926
437 823
368 989
924 941
349 710
239 838
238 879
71 702
370 769
318 579
227 949
98 310
750 761
263 414
777 864
650 823
576 874
221 646
18 546
4 648
1 148
152 546
78 597
201 704
383 415
921 993
384 825
175 651
669 957
483 538
56 959
87 309
782 834
73 374
86 313
339 493
36 492
344 608
3 315
297 533
316 775
99 548
522 651
314 436
508 716
398 844
351 998
631 823
249 492
166 952
240 901
400 890
601 880
7 141
592 831
900 947
251 767
504 718
366 488
511 842
225 485
208 841
254 957
851 947
183 259
615 670
601 772
408 606
568 595
513 659
325 837
7 33
251 659
605 891
113 954
569 968
200 842
434 780
547 657
84 667
552 735
170 441
304 670
469 966
271 493
142 608
684 891
501 955
408 727
193 573
559 896
158 323
58 385
214 861
76 927
673 917
635 662
165 447
235 691
109 323
35 337
150 324
790 913
301 493
251 901
196 965
807 853
110 925
602 835
41 273
827 953
137 506
739 840
684 904
156 519
505 673
785 956
221 914
441 917
274 740
40 573
711 741
614 845
172 463
3 691
883 969
468 727
160 345
299 689
206 461
247 499
574 628
579 743
524 807
725 797
147 820
491 630
21 681
236 340
353 925
301 735
375 684
177 928
347 622
130 624
88 627
330 389
393 445
348 702
246 920
554 807
683 692
194 464
447 681
507 695
326 391
586 759
312 456
336 584
537 574
184 981
46 751
841 985
789 795
607 818
202 998
53 646
70 815
309 343
221 459
331 590
93 947
196 402
387 936
183 877
766 932
604 870
444 652
769 974
213 756
175 464
20 590
722 862
1 82
754 814
611 765
377 598
127 423
113 525
627 746
49 769
558 875
35 834
618 926
439 695
604 991
263 469
634 870
42 995
611 886
831 926
251 351
344 542
330 644
784 814
192 939
402 483
734 993
555 762
272 639
222 552
411 488
361 896
70 949
629 647
293 432
587 650
408 419
102 901
155 239
265 370
411 838
492 534
249 776
411 609
53 901
404 421
276 650
675 884
185 791
694 897
427 553
86 260
325 542
633 658
435 902
383 483
677 701
756 994
264 266
434 714
599 781
332 666
253 373
24 321
137 198
417 481
763 889
339 561
171 196
641 899
131 797
93 276
700 954
332 558
700 725
82 383
123 384
207 792
362 437
100 666
40 386
821 951
642 720
306 505
677 943
806 828
135 623
121 725
56 101
369 561
83 204
360 741
676 718
695 731
411 972
15 972
459 720
123 276
105 902
241 497
301 548
503 911
300 848
429 733
186 975
794 831
276 905
904 962
301 440
31 579
22 988
447 494
199 392
503 803
281 461
60 462
220 451
299 744
239 464
786 862
40 520
788 908
158 741
287 626
213 448
378 744
732 747
589 964
66 923
391 454
248 405
368 736
206 408
426 677
68 703
265 988
172 760
163 977
457 929
102 701
157 408
317 397
281 703
776 911
561 986
421 454
753 927
813 978
899 981
35 418
112 113
931 970
664 855
296 459
67 636
62 521
232 932
306 881
222 244
149 934
345 580
625 863
243 532
308 927
368 978
41 583
349 699
500 868
13 521
393 742
302 358
82 880
388 398
646 922
539 567
62 642
246 988
667 981
507 763
493 865
129 588
8 298
11 532
899 994
38 177
213 932
282 537
82 183
221 527
190 948
479 822
694 710
229 647
844 920
223 307
285 956
80 258
632 771
184 352
636 890
101 317
359 878
796 879
97 612
418 933
159 709
11 545
230 589
82 196
307 543
386 836
147 325
133 656
518 763
303 838
380 533
251 419
342 951
323 672
271 482
837 893
345 956
730 767
386 957
73 497
303 959
339 616
17 602
270 782
130 479
751 826
118 913
190 264
508 839
167 546
714 944
819 997
318 715
225 487
445 490
254 959
612 667
268 857
596 659
255 366
78 733
105 836
174 441
886 906
177 446
195 729
622 833
429 667
9 81
520 785
373 506
615 793
193 804
95 269
427 742
466 670
237 847
204 441
70 212
696 903
195 621
44 159
288 785
422 785
35 339
193 925
749 914
205 787
716 737
265 801
172 573
707 917
237 739
359 436
123 573
288 906
596 793
274 742
477 576
100 626
136 283
554 796
399 922
755 786
204 683
92 213
405 673
355 852
93 586
216 922
412 568
54 860
114 645
236 342
62 226
350 858
295 922
33 693
470 694
674 689
734 740
467 625
541 574
623 872
62 347
375 807
664 681
213 745
254 517
474 520
47 941
432 523
308 753
583 692
96 345
299 933
280 691
882 988
627 735
706 799
623 993
659 687
230 281
433 869
727 858
0 758
377 479
368 925
542 812
5 836
159 751
371 930
374 410
16 702
255 984
544 592
139 543
160 831
578 590
36 307
145 708
319 366
296 877
103 482
222 433
318 407
722 985
422 464
188 297
97 667
207 539
446 821
386 541
532 595
430 813
177 367
891 942
46 887
223 254
200 536
70 951
648 662
465 955
45 369
143 904
826 934
41 893
429 480
219 670
98 609
0 74
626 765
15 611
414 882
73 552
16 18
840 990
50 834
485 762
86 262
55 683
256 673
278 432
624 840
118 968
252 968
508 894
503 550
508 665
167 601
635 706
673 961
84 832
547 593
93 157
253 375
506 555
681 822
328 963
101 506
82 264
708 955
205 829
26 332
578 845
435 796
28 149
487 663
693 768
505 717
276 894
155 604
153 265
75 611
737 959
770 907
489 894
492 899
786 851
27 45
491 674
274 676
499 794
47 633
478 856
285 690
266 448
63 614
799 911
615 861
380 964
89 751
39 176
121 969
589 845
938 962
451 615
179 681
473 633
472 674
329 625
222 233
672 964
438 797
457 810
584 851
484 913
565 572
47 646
864 905
206 639
51 536
357 808
25 106
2 351
172 762
39 647
567 803
553 639
108 225
32 644
734 916
794 967
343 802
272 333
217 397
309 400
161 236
933 981
133 174
148 711
275 752
743 857
225 931
108 117
440 590
319 529
252 539
35 770
16 528
95 821
692 811
733 812
365 416
884 981
120 585
194 534
166 472
64 195
132 824
187 531
140 190
95 942
324 765
764 808
342 819
502 771
796 989
139 719
194 655
20 768
161 249
212 709
298 483
363 878
0 826
55 496
416 704
178 832
668 696
398 835
425 938
84 645
198 252
819 865
562 943
376 524
323 432
97 843
212 830
334 527
64 666
69 781
108 709
228 545
11 776
252 902
723 753
742 766
635 640
351 881
370 894
497 706
851 938
414 937
488 886
109 301
35 86
202 263
515 723
422 532
330 943
58 484
578 779
182 550
25 832
457 489
195 489
271 484
212 843
606 999
348 438
72 274
108 722
259 366
624 787
481 967
902 997
654 895
131 854
436 672
18 684
67 317
12 381
3 790
130 602
586 616
350 376
635 774
294 444
192 204
101 574
744 909
109 435
436 564
348 680
563 605
802 887
642 669
22 695
536 916
116 330
589 779
281 626
88 497
468 718
215 272
404 962
82 682
192 325
598 747
338 379
384 495
381 749
227 282
75 908
143 288
239 521
304 916
216 803
202 868
577 745
466 914
22 937
37 508
713 791
66 980
415 868
289 463
528 745
146 451
316 337
132 516
552 873
425 509
516 627
237 983
493 909
198 991
242 280
114 997
752 796
447 914
213 747
144 876
254 519
479 866
364 650
102 879
479 637
162 930
331 473
50 460
47 714
31 181
327 997
14 537
776 860
817 861
662 987
294 591
335 592
882 990
558 866
379 635
153 817
249 525
20 702
130 870
438 986
331 594
446 581
215 419
294 712
352 653
118 486
692 987
112 412
62 820
411 708
29 414
488 699
235 253
17 296
182 592
858 875
421 874
25 645
539 866
847 982
379 648
356 664
309 818
230 296
502 718
334 353
721 762
91 366
638 764
454 943
192 943
44 779
462 538
355 412
300 476
219 780
267 299
166 890
49 76
427 665
298 551
96 831
289 731
256 783
3 374
476 823
209 708
154 772
335 847
481 901
816 891
88 189
126 444
219 672
406 727
392 829
497 882
230 767
805 998
309 831
791 834
851 885
703 721
128 261
292 598
58 431
622 998
94 613
622 769
14 95
52 387
731 941
763 893
197 216
64 855
260 501
284 895
193 511
573 732
339 794
130 428
402 621
355 546
83 87
262 318
248 383
401 891
47 393
253 498
382 383
693 770
156 565
257 617
491 555
596 608
675 901
67 493
7 213
91 850
110 863
22 979
96 965
600 727
163 726
94 855
52 629
217 962
198 683
25 203
293 691
361 566
176 786
162 622
547 958
258 855
261 335
178 337
637 851
131 225
394 864
862 969
452 576
223 753
102 692
17 96
93 643
426 560
338 447
343 791
114 702
26 818
232 694
139 466
89 874
221 276
861 865
152 176
267 917
253 982
850 972
0 573
468 678
335 526
467 682
412 517
549 751
282 636
48 469
153 751
442 625
125 689
345 463
919 964
597 913
196 340
574 929
574 700
197 942
123 764
68 828
491 931
477 767
45 292
229 638
363 867
660 861
118 541
720 875
403 939
945 993
571 752
475 815
461 880
15 534
72 839
92 754
456 950
130 228
462 701
137 941
104 764
747 870
57 652
326 813
240 773
823 865
534 762
754 994
205 523
532 652
485 577
292 411
96 536
421 821
154 477
85 606
52 429
406 432
538 588
455 819
128 424
460 934
515 604
293 491
735 873
578 660
113 826
443 472
393 880
319 894
351 883
37 952
18 673
427 612
293 383
611 958
36 727
191 372
158 424
705 822
228 897
37 134
457 491
247 947
195 491
608 660
649 661
291 953
626 943
409 945
10 445
244 383
235 792
221 894
367 948
601 886
730 771
661 900
26 389
105 719
526 712
594 846
74 322
148 271
93 335
673 910
772 889
937 956
675 956
218 451
80 746
267 838
112 964
514 715
478 792
412 438
68 628
472 489
238 322
269 389
293 746
265 913
180 317
204 674
512 561
121 905
314 805
160 338
244 746
390 800
197 634
71 266
515 980
568 843
227 513
48 282
394 690
15 105
227 284
727 836
359 440
704 852
69 341
373 752
8 102
159 500
68 870
87 920
352 400
30 349
100 859
141 631
103 110
223 929
405 677
658 857
80 880
792 857
105 156
363 451
201 618
196 274
421 621
132 518
154 277
233 570
780 968
233 341
274 867
38 102
375 919
394 932
480 972
34 397
15 118
359 682
345 747
787 863
4 225
201 510
674 922
385 819
442 801
48 645
483 573
829 981
736 753
307 347
9 690
124 411
248 706
561 937
467 750
431 827
819 909
272 282
7 765
141 994
838 922
153 819
222 424
549 819
136 650
120 642
419 938
207 530
658 991
119 188
229 585
46 878
182 473
729 871
8 586
140 476
30 604
847 863
439 809
865 917
414 981
361 889
87 586
87 357
340 537
152 715
413 527
537 822
382 948
187 709
99 825
209 468
66 419
764 986
571 820
340 658
661 713
418 992
229 827
399 713
32 956
388 591
338 999
847 876
236 951
74 135
268 903
106 612
226 943
615 718
601 820
735 820
606 935
114 207
174 258
219 903
888 998
318 882
230 769
772 823
188 772
4 722
535 587
81 151
466 487
108 779
438 654
388 833
42 196
71 897
291 900
327 328
60 213
459 713
192 369
309 954
612 726
529 957
749 960
260 274
130 659
20 33
779 839
66 674
828 960
635 831
14 218
360 626
189 973
304 731
13 30
49 441
197 339
496 901
183 441
78 913
64 978
582 675
31 572
177 626
572 896
38 962
57 975
363 493
506 801
607 624
744 858
399 860
20 275
135 750
570 678
556 780
248 627
69 167
528 681
10 984
681 960
841 912
458 622
114 583
208 218
3 981
37 565
135 871
64 173
938 966
360 989
745 800
451 619
98 989
270 278
643 789
211 866
52 55
141 578
227 581
103 286
843 850
194 404
75 978
20 288
465 638
205 270
281 817
905 910
440 581
445 925
679 863
82 873
35 532
76 533
582 930
246 981
576 627
254 576
815 872
20 409
147 184
279 340
743 969
385 766
371 868
300 399
632 872
114 946
24 235
392 402
101 189
395 407
345 815
245 877
190 941
161 240
446 638
740 819
110 423
3 297
764 920
7 712
392 523
884 985
15 307
268 487
204 997
68 133
161 361
782 937
815 885
856 923
798 918
858 932
89 192
435 600
574 944
374 590
291 821
585 810
912 939
10 313
851 929
689 867
166 826
6 608
381 485
548 662
124 829
532 654
517 531
131 724
948 983
19 25
39 906
95 249
694 837
427 722
81 85
110 557
39 88
742 999
613 885
38 654
594 606
645 837
188 598
78 726
231 968
279 716
380 539
466 542
325 603
366 375
228 670
350 367
9 74
580 829
308 370
29 955
277 791
46 370
800 832
249 958
19 267
221 896
290 501
207 732
62 85
399 673
130 485
448 794
401 719
117 960
225 722
813 892
128 789
155 434
67 550
719 964
397 950
314 915
231 392
437 497
869 945
93 458
43 866
681 894
146 321
285 628
307 912
320 622
361 623
153 216
232 509
359 550
414 486
75 791
317 553
470 795
303 389
167 794
676 900
556 606
184 963
338 612
665 741
338 383
68 522
623 744
917 962
535 897
494 630
347 846
521 733
600 797
328 338
273 402
166 276
512 684
18 112
157 456
322 789
358 446
649 918
570 625
473 692
338 733
233 451
183 859
149 982
59 271
19 872
159 623
300 333
665 754
491 867
384 741
315 870
174 931
122 475
199 695
142 161
97 647
78 405
28 813
570 867
556 969
119 177
160 474
80 185
384 862
241 813
301 864
750 919
722 857
359 805
345 641
133 233
685 975
31 185
36 529
349 760
44 649
305 690
453 588
444 768
516 644
39 719
78 647
91 357
523 768
3 244
335 717
775 989
539 978
98 481
139 778
610 629
634 986
455 755
171 996
100 298
41 886
757 827
335 838
803 943
32 837
448 715
281 309
258 362
538 645
455 647
152 838
4 711
331 840
64 496
418 994
339 435
330 881
116 134
93 379
681 815
1 561
4 832
59 539
193 731
64 617
177 494
77 556
672 702
218 266
490 725
622 881
85 676
649 718
327 438
304 720
82 607
684 712
77 677
70 489
232 322
677 938
262 430
470 608
709 890
0 201
24 558
459 715
406 623
533 664
385 500
235 970
832 960
513 951
334 720
320 785
788 890
283 903
80 574
281 564
423 913
145 151
324 382
255 548
155 610
169 508
554 844
688 844
53 333
619 973
92 261
484 785
401 787
487 790
294 624
60 457
247 549
137 677
68 806
16 387
21 731
353 975
609 901
141 567
628 914
741 791
42 790
405 613
28 397
27 401
354 567
51 758
588 734
794 839
665 917
560 672
885 957
477 637
697 906
581 960
176 911
732 863
18 59
410 812
60 470
99 169
651 911
477 758
236 403
232 927
650 686
829 917
1 11
295 983
680 794
133 167
47 881
336 755
713 742
36 234
440 583
522 622
154 226
646 917
398 815
414 567
567 809
424 989
28 989
312 519
405 747
537 637
757 869
393 858
252 653
53 938
452 943
221 522
713 984
446 869
861 882
9 639
243 769
592 694
325 350
757 761
270 414
261 823
242 581
476 748
495 761
168 366
30 661
866 933
346 409
258 525
623 946
202 364
23 658
845 995
182 651
416 589
467 820
126 490
117 936
117 707
323 775
450 587
823 869
21 181
205 527
26 30
110 667
31 374
430 645
605 875
27 898
311 428
108 594
75 417
130 353
223 315
550 939
237 479
90 954
33 191
131 726
365 664
286 371
65 143
464 643
137 248
474 836
205 648
174 315
573 778
688 765
265 662
344 955
177 549
779 883
108 715
125 130
489 821
318 939
253 315
115 839
142 713
730 883
413 947
193 678
339 732
67 310
278 493
336 434
219 852
263 895
450 721
7 380
628 727
48 152
116 323
128 562
255 603
804 845
642 783
628 848
213 606
366 619
727 827
460 483
572 724
4 203
80 750
369 624
50 90
160 450
187 324
49 619
505 670
293 979
394 802
81 342
755 781
231 515
28 452
107 745
597 609
258 914
146 444
354 622
192 560
137 624
305 437
274 858
716 974
153 568
177 925
361 517
667 789
39 466
553 687
460 496
314 930
129 625
248 576
560 848
123 581
169 697
669 983
424 923
713 797
534 566
83 630
201 622
762 918
146 686
440 867
244 992
841 982
285 993
679 920
720 921
150 576
26 998
585 733
604 746
521 977
177 938
243 474
294 705
108 286
13 692
27 590
192 694
467 633
267 279
477 826
241 815
370 700
442 805
376 451
101 246
6 652
708 924
548 706
9 694
826 916
243 595
0 874
210 418
817 867
643 980
168 192
164 716
618 923
747 808
217 579
346 464
365 477
824 991
359 928
82 125
469 534
548 827
1 200
235 596
501 752
312 587
377 945
353 359
12 66
163 235
415 419
370 942
351 700
272 407
516 996
208 880
39 842
777 808
395 477
216 246
969 978
372 759
339 545
430 929
196 762
27 724
462 652
314 488
107 195
272 528
392 593
615 830
78 891
307 714
721 997
504 770
545 771
550 886
8 603
728 892
14 88
43 789
5 268
478 717
478 488
414 998
216 488
197 209
513 711
721 889
719 779
173 791
217 834
506 671
327 440
113 188
189 735
483 953
371 483
703 956
417 599
54 547
40 612
152 853
193 854
661 959
601 945
265 730
806 825
42 429
121 722
102 443
723 827
98 738
915 997
478 730
206 271
285 335
472 656
609 661
153 381
237 789
414 422
226 371
556 771
143 336
649 733
363 376
524 967
338 548
540 911
227 451
719 913
182 974
347 553
70 504
199 389
424 736
181 749
167 851
308 790
456 459
275 384
373 690
151 577
82 743
899 965
197 464
752 952
164 287
442 497
306 865
130 676
42 792
61 805
713 731
6 115
327 695
13 505
582 921
100 918
711 806
581 962
9 507
47 762
299 983
192 857
99 400
121 159
109 859
720 747
618 965
95 924
7 582
452 932
400 513
653 693
45 285
685 911
74 757
270 403
110 185
132 698
393 739
646 919
302 355
236 755
348 996
126 129
277 527
337 578
865 963
172 999
801 978
87 174
620 637
105 457
196 575
831 857
657 704
151 832
830 861
42 108
489 568
401 455
63 167
548 882
276 460
395 411
367 578
449 876
3 301
25 585
159 814
145 650
267 347
520 527
112 473
107 129
184 349
166 938
290 479
648 712
196 817
160 894
223 425
25 706
332 597
137 358
185 843
169 310
69 897
193 438
677 753
332 489
249 720
450 481
240 900
133 774
108 717
397 591
228 782
23 84
186 785
129 251
79 430
24 494
505 538
288 769
587 836
619 788
608 895
148 385
239 503
142 836
450 952
118 213
890 995
697 829
114 508
279 841
232 500
526 718
672 772
691 785
212 262
336 557
322 659
883 955
102 390
368 775
148 506
146 433
915 944
579 958
109 780
436 909
150 552
177 914
287 557
853 968
419 447
792 958
396 729
709 960
131 983
547 898
533 734
500 557
343 839
288 903
68 634
255 726
150 444
81 573
12 739
521 845
554 793
268 399
359 554
369 976
437 622
225 968
354 853
8 216
266 740
82 919
425 504
236 339
296 619
29 275
361 748
87 216
166 509
672 906
4 447
446 563
119 168
270 337
308 629
674 686
200 278
12 981
254 743
460 848
446 684
17 49
421 627
51 828
99 576
486 756
305 681
866 977
563 976
425 517
34 861
263 455
433 866
636 700
111 815
231 651
205 221
470 933
36 412
316 466
283 289
44 532
393 686
599 754
43 536
208 640
590 705
347 984
483 579
455 746
92 694
395 466
565 877
262 876
559 574
784 921
121 348
379 872
384 987
286 415
131 541
29 759
153 825
268 775
101 369
87 471
689 805
359 930
111 828
629 754
870 880
147 485
465 831
265 477
31 310
163 466
891 939
335 950
173 888
80 431
30 839
186 598
833 934
76 726
444 893
222 780
175 705
83 887
386 659
243 839
119 544
177 485
627 987
190 195
162 362
131 783
74 249
714 875
332 544
225 418
304 711
15 608
20 952
142 420
730 819
59 651
496 652
114 321
504 772
116 367
56 87
281 434
487 539
621 768
263 831
827 873
464 821
529 950
21 480
265 611
688 714
177 727
374 783
322 593
167 719
313 544
104 141
45 958
353 845
26 450
366 784
853 902
586 787
457 902
99 965
264 507
248 499
179 665
695 959
547 832
406 856
445 784
175 960
385 504
1 807
18 976
150 378
707 969
655 779
658 784
551 658
69 389
38 847
151 458
173 217
596 845
64 984
193 869
122 400
246 732
53 566
466 964
227 453
6 225
470 854
322 727
148 574
454 617
8 271
808 849
794 951
216 974
343 786
466 856
17 212
19 810
294 749
239 813
476 497
500 854
252 523
725 972
67 972
683 975
444 464
122 413
903 978
447 735
667 738
460 674
419 636
207 228
773 905
229 741
50 281
201 679
794 964
38 163
103 292
669 932
175 397
115 117
326 566
264 883
42 807
312 631
732 988
83 579
630 977
845 865
251 392
44 816
159 803
486 932
645 696
340 585
653 816
353 524
391 816
336 880
31 244
215 819
256 362
242 464
495 644
352 824
544 994
277 650
571 868
165 180
680 811
652 978
31 365
325 583
504 585
3 303
113 700
800 812
81 896
819 862
750 991
824 940
161 596
147 432
102 955
298 601
91 537
583 999
163 413
190 250
200 709
833 881
179 357
0 126
590 894
524 769
156 373
629 822
142 475
414 934
749 887
64 784
446 886
205 531
246 303
531 930
108 598
61 486
107 602
164 907
131 730
566 887
277 784
10 669
612 774
519 546
684 879
288 650
119 841
172 438
17 601
53 258
457 607
302 733
355 596
392 892
189 792
266 487
133 897
422 771
188 604
191 838
380 774
834 944
853 957
22 800
180 191
75 663
253 440
206 328
610 943
123 330
441 905
174 790
35 217
105 956
241 322
342 374
144 389
176 836
80 862
248 446
179 612
588 780
748 769
132 271
257 680
7 505
204 790
806 895
50 94
437 503
187 328
486 624
491 739
711 971
488 670
37 505
584 903
341 916
79 916
299 919
104 451
417 911
269 747
477 696
771 914
259 739
400 449
179 975
762 801
421 508
475 973
733 743
370 691
442 796
84 334
34 742
562 632
56 760
465 928
518 791
193 240
107 991
413 509
430 678
349 753
68 999
780 976
40 937
604 750
98 124
63 103
326 742
942 974
157 704
413 630
418 745
31 70
289 594
622 740
302 533
228 355
104 814
250 868
255 983
585 858
93 130
731 912
83 876
23 596
110 713
325 638
349 995
237 525
541 936
104 935
728 762
323 713
340 882
455 869
185 779
18 602
279 643
702 746
243 720
14 897
31 312
34 58
399 479
531 864
242 761
182 481
352 892
112 651
76 728
5 30
478 479
846 875
54 417
193 724
721 880
399 829
432 777
96 828
523 895
256 780
435 782
825 937
402 834
314 721
369 428
140 605
112 543
492 764
860 931
5 151
285 434
207 780
358 949
273 316
435 903
350 536
429 829
33 600
374 664
19 436
253 374
10 616
235 963
118 149
159 187
49 315
21 253
848 934
135 732
61 554
97 211
200 898
520 839
371 716
71 195
656 885
463 719
17 898
12 554
545 788
493 598
212 319
181 740
148 563
368 603
528 555
473 619
321 491
25 200
178 442
338 431
307 852
35 393
458 496
744 853
609 894
554 729
42 783
18 160
78 211
487 904
27 394
321 612
261 332
247 434
44 334
30 399
642 963
22 989
667 727
149 801
135 866
479 676
391 563
281 691
555 671
8 44
285 810
593 963
164 520
375 969
175 386
120 450
20 512
551 902
501 556
685 902
267 914
778 864
284 329
55 469
275 738
163 268
8 394
555 563
646 910
49 691
434 502
664 964
70 979
161 343
276 330
438 917
128 166
37 802
542 974
537 630
146 974
168 238
352 813
417 979
150 635
131 356
549 869
361 818
175 399
502 757
273 705
975 977
667 861
419 759
567 923
205 507
470 990
518 738
845 867
303 813
261 587
388 628
467 921
849 986
35 998
585 913
411 760
342 926
153 761
194 762
189 418
161 356
504 695
58 349
531 569
443 456
178 939
462 469
19 128
365 536
497 921
48 829
428 821
323 539
505 516
1 488
749 876
565 826
246 292
671 993
399 534
523 829
321 880
228 652
481 832
668 924
365 886
0 7
387 416
309 991
235 776
562 942
235 547
565 947
21 66
45 423
174 308
353 539
75 531
305 993
186 776
93 319
511 832
48 842
791 886
510 644
689 875
174 429
573 663
306 319
182 778
520 773
148 376
425 950
431 435
702 935
224 896
26 386
153 198
545 722
751 827
484 712
295 547
561 666
354 373
235 910
384 481
119 964
675 953
81 443
270 904
213 370
70 550
677 999
551 594
718 771
454 661
41 263
87 904
381 856
769 938
91 794
37 265
718 892
231 508
181 916
644 677
124 153
375 903
57 99
414 602
268 282
185 284
234 671
96 441
910 954
65 862
472 728
109 676
85 282
384 615
67 679
664 669
48 400
370 451
1 59
551 728
105 382
358 562
105 153
148 752
468 959
225 972
459 910
285 986
472 849
539 610
458 914
21 913
461 690
92 335
6 295
386 516
224 454
124 516
12 46
143 529
229 569
201 736
127 521
104 803
123 816
150 919
434 449
171 978
391 752
83 636
416 516
541 925
71 747
558 865
150 811
659 917
34 865
98 126
125 983
230 282
395 578
507 819
1 193
653 873
565 989
418 976
592 863
129 873
485 508
550 866
476 688
594 643
2 768
62 819
131 424
84 578
101 252
675 753
279 524
75 465
321 935
710 747
25 644
489 748
346 699
184 408
731 806
409 755
684 694
648 771
513 812
7 186
418 989
325 761
8 825
434 704
0 183
74 132
43 553
10 376
851 992
92 940
73 661
656 753
99 835
171 186
589 699
181 608
594 777
98 610
46 420
693 756
290 780
832 834
422 936
601 938
802 928
17 887
7 199
559 941
619 955
913 944
341 489
167 602
79 489
698 992
338 420
104 253
422 828
293 906
40 497
329 371
34 194
158 489
760 823
581 592
820 837
572 772
405 595
176 543
88 659
83 315
570 662
308 662
468 651
327 675
234 484
5 395
607 729
533 780
417 834
109 718
76 275
661 965
526 777
306 508
364 678
572 893
226 485
811 909
938 950
0 667
313 898
41 210
335 391
115 913
118 393
670 906
398 447
320 793
309 375
567 899
209 962
369 914
410 686
0 788
148 686
196 205
794 834
403 912
771 850
106 167
878 912
262 680
212 334
148 807
289 517
280 963
643 786
550 558
192 850
137 914
385 750
407 509
398 689
747 843
21 739
527 574
153 629
232 922
273 694
218 758
479 799
465 864
281 814
294 753
822 909
445 922
390 986
627 670
365 404
258 278
898 904
645 687
516 573
254 802
557 574
281 935
611 810
380 389
377 643
399 402
622 676
16 866
319 638
318 450
53 933
755 976
428 581
82 173
452 938
331 877
155 163
77 243
192 984
434 746
664 979
750 982
571 751
428 931
390 410
144 943
221 638
648 705
326 691
534 869
133 525
518 861
471 520
536 649
407 764
52 536
170 528
235 657
496 698
108 818
182 538
206 895
154 705
11 885
388 643
71 936
264 311
93 429
263 877
5 316
244 598
502 893
818 870
482 655
606 987
565 949
224 656
397 813
127 723
214 611
300 651
420 945
429 536
129 244
635 641
800 937
238 416
491 596
100 482
721 829
677 988
586 604
245 311
591 719
135 439
635 762
827 932
712 716
118 206
151 154
133 780
7 146
688 773
633 837
391 486
644 666
23 90
360 907
520 896
360 678
354 604
748 760
423 963
299 668
390 786
156 619
276 950
785 827
348 789
403 725
535 652
306 792
227 270
256 971
259 488
512 668
451 658
181 797
167 899
28 326
289 330
662 841
197 512
12 732
48 389
306 684
586 967
125 380
378 560
42 611
61 624
778 908
335 338
305 432
164 456
98 102
70 794
87 209
185 515
317 671
298 392
181 810
19 748
14 404
225 853
94 104
118 461
219 513
236 453
769 953
843 902
447 902
218 813
157 574
845 911
31 169
243 348
487 974
349 744
583 682
473 810
209 212
300 330
425 510
361 754
111 579
391 862
344 521
55 418
182 230
285 880
412 921
214 411
384 859
497 736
442 800
235 470
106 585
111 700
410 996
138 574
224 348
344 642
242 631
844 965
159 862
99 582
209 225
252 824
117 636
604 983
731 795
170 233
171 872
147 249
100 403
721 750
86 239
215 649
388 806
481 768
118 716
346 580
103 593
194 940
328 940
290 419
18 714
224 819
515 537
177 478
256 542
247 988
30 953
589 688
219 889
847 983
107 190
258 588
645 768
464 693
299 360
824 999
156 311
73 542
188 529
274 303
50 824
201 993
462 768
80 437
313 645
244 545
890 922
22 617
228 951
302 900
176 532
214 787
157 253
102 317
682 892
267 650
203 894
304 717
610 760
964 992
224 953
81 379
193 620
67 481
34 304
834 882
531 881
517 946
345 425
443 768
135 615
4 132
402 730
313 887
198 671
13 137
651 882
276 776
104 255
30 40
57 143
749 959
169 384
22 859
180 250
108 899
584 599
649 957
406 970
734 772
266 438
178 325
90 212
408 787
296 317
163 956
278 906
87 143
190 564
23 387
341 733
46 785
65 798
63 725
390 854
899 960
618 718
785 895
155 728
43 221
370 387
320 795
34 438
15 159
232 682
308 677
299 857
113 438
11 161
117 557
764 893
222 344
741 909
488 500
185 462
476 611
333 562
412 855
44 459
577 922
577 693
131 347
301 795
203 223
152 406
162 865
418 791
31 116
160 755
528 922
27 640
333 683
159 567
627 672
238 860
585 904
623 930
222 586
903 984
273 817
741 922
21 44
317 860
298 352
251 506
339 353
19 937
531 560
297 393
209 509
500 981
104 981
168 242
118 650
117 691
428 812
810 914
216 404
21 165
451 981
3 296
421 809
283 579
195 466
654 751
351 750
604 930
95 235
210 710
707 762
158 291
449 763
316 648
149 471
228 535
346 527
43 489
837 993
400 992
68 253
119 484
284 817
141 243
633 705
242 820
8 653
696 761
723 864
547 638
566 651
337 828
65 369
249 944
376 756
95 248
399 888
301 353
168 726
462 944
443 702
121 651
80 613
580 936
635 643
41 133
343 700
21 420
936 985
196 946
347 590
719 721
691 888
586 606
591 950
302 847
517 772
245 313
608 890
71 951
869 931
387 662
146 307
362 834
197 272
7 377
375 544
466 662
540 611
116 549
181 678
487 721
5 452
478 901
423 965
1 976
197 622
77 742
130 605
138 429
350 608
374 965
198 739
289 332
505 896
257 794
618 773
208 380
22 927
639 832
56 511
80 868
243 337
630 783
179 847
69 221
583 671
216 914
145 445
95 624
567 848
326 493
616 969
454 907
27 574
225 855
132 627
211 920
357 745
348 925
273 751
424 920
240 345
754 795
162 920
55 528
108 391
500 915
99 571
173 520
338 853
167 217
155 917
222 412
557 631
548 811
419 697
28 812
513 561
105 507
597 969
844 846
622 733
412 923
11 579
121 222
150 923
852 966
117 517
134 686
37 982
543 625
111 702
97 767
207 410
138 576
275 810
177 238
476 571
522 916
715 816
173 533
458 931
714 857
136 880
103 703
258 348
629 749
634 864
312 813
735 916
252 947
305 810
71 643
126 313
296 990
170 585
373 419
165 241
268 891
279 757
274 413
138 818
124 883
119 539
536 827
388 700
116 241
434 816
277 832
103 716
362 647
403 419
40 367
377 955
86 254
77 434
429 593
162 249
673 953
24 544
230 878
128 601
697 758
647 937
17 770
102 319
19 550
373 553
404 657
211 491
371 480
100 660
375 599
17 891
72 561
15 27
139 322
20 142
300 950
809 827
215 317
60 443
321 484
45 845
117 196
315 440
232 671
133 140
88 663
52 969
79 843
561 846
695 846
113 198
156 797
178 556
665 674
145 379
904 956
783 895
141 674
222 333
172 741
584 951
498 682
484 784
391 556
410 798
584 722
625 723
358 379
561 967
308 558
132 561
636 737
672 956
111 394
639 779
133 153
429 969
33 969
308 908
437 564
132 682
335 516
32 744
247 669
170 974
104 620
632 739
398 572
384 674
945 970
475 792
843 959
306 983
345 682
584 964
55 583
220 916
561 980
261 688
200 449
305 502
599 683
117 680
226 623
364 816
861 868
570 921
88 918
606 615
745 922
564 847
46 921
467 685
16 749
140 290
107 113
444 701
805 909
824 922
342 919
406 409
70 985
59 567
331 760
210 470
275 865
177 293
397 562
113 803
132 816
674 870
536 640
527 820
356 938
101 419
288 511
109 280
485 796
116 175
641 814
230 691
227 945
216 527
648 938
413 583
270 763
306 420
292 522
70 180
42 118
830 871
253 301
137 355
268 838
469 828
689 868
59 701
749 882
422 524
105 817
812 938
72 374
677 750
508 941
621 818
201 232
524 656
394 546
339 610
58 368
366 484
402 895
140 895
88 476
520 887
635 874
69 197
184 938
610 817
431 549
343 702
463 767
334 882
155 422
380 769
72 616
176 710
78 138
809 882
795 947
387 893
24 841
308 371
79 548
225 602
192 425
35 441
752 762
802 879
175 192
213 484
297 892
433 487
443 946
212 259
556 823
336 554
52 795
363 428
5 683
699 727
465 560
107 852
341 790
418 485
96 205
54 962
26 863
194 447
414 487
166 385
97 514
773 834
470 796
616 850
690 799
215 277
32 799
753 855
217 323
79 93
659 668
320 973
77 986
199 683
488 557
359 672
727 839
474 622
653 853
207 278
83 737
680 727
47 814
33 916
50 331
454 909
239 984
734 963
285 871
173 401
178 745
577 979
632 686
618 788
291 393
425 622
26 876
134 675
650 969
282 573
249 396
307 337
947 963
298 517
105 388
143 643
248 696
397 496
316 571
242 393
453 805
7 984
222 643
475 860
680 969
284 740
592 627
220 984
354 984
209 337
145 810
49 873
525 802
29 635
51 128
235 474
245 933
551 976
64 592
721 862
480 507
578 813
578 584
163 342
624 700
844 969
168 420
228 700
164 944
346 692
19 68
356 885
15 592
199 938
87 468
513 805
274 294
67 230
399 703
707 819
204 464
278 413
572 631
696 697
140 708
66 530
723 800
214 428
520 700
79 469
846 870
455 985
446 936
413 759
67 122
191 417
94 484
140 829
140 600
355 525
250 997
63 353
390 482
211 251
529 826
688 819
614 641
447 464
839 988
283 770
622 990
484 760
429 595
520 942
107 544
206 257
82 487
161 780
290 665
59 998
238 246
260 493
209 942
586 663
171 421
429 945
88 652
28 372
401 883
47 385
635 821
234 477
566 950
841 889
13 249
233 252
307 955
150 483
348 727
716 894
573 845
655 884
139 324
199 375
493 593
484 773
556 649
776 881
36 88
258 955
473 843
398 440
191 901
521 547
20 265
424 843
484 894
363 604
561 848
354 784
841 902
137 786
82 850
725 956
95 789
458 612
425 435
86 969
119 917
339 920
581 948
553 849
437 674
330 548
242 435
13 383
25 437
720 733
178 450
90 566
238 730
329 848
637 964
871 902
117 440
141 797
246 850
375 735
102 805
308 910
368 961
275 504
257 864
164 636
539 550
683 972
122 410
254 566
166 453
726 790
537 625
798 895
302 462
522 731
255 912
184 443
249 572
507 867
128 282
135 995
914 962
358 744
270 402
473 990
261 582
385 877
121 279
431 993
123 877
241 869
623 934
103 639
115 464
10 182
777 849
648 698
276 338
455 569
465 991
188 225
611 816
339 357
311 524
261 703
75 284
462 693
178 934
90 821
814 852
414 918
534 983
157 996
446 870
485 798
108 582
30 662
346 639
599 819
327 360
198 475
211 414
505 632
180 872
1 604
161 593
455 811
39 896
782 940
909 981
50 991
738 870
168 717
85 948
797 925
921 991
170 534
115 598
285 484
343 462
482 769
515 717
212 945
260 427
633 938
707 887
96 999
853 941
512 648
295 650
770 943
66 598
654 997
131 956
814 986
225 591
276 822
744 890
501 940
413 827
110 789
416 832
124 135
143 148
744 782
389 591
119 730
936 989
72 389
139 150
281 728
368 653
822 823
242 248
660 761
113 134
393 417
118 212
463 890
563 599
686 898
92 196
479 605
685 710
602 941
368 774
454 777
473 790
119 972
120 379
194 328
59 140
102 739
14 626
74 677
542 782
146 782
487 846
514 720
113 376
238 785
384 839
38 202
458 559
7 623
609 957
246 905
843 895
134 435
34 726
643 955
863 958
426 728
720 909
197 639
310 516
203 390
29 274
359 674
92 559
331 575
451 906
229 793
252 925
66 277
379 508
318 498
414 731
636 807
455 732
529 681
722 847
565 863
28 924
224 570
119 288
597 852
165 929
541 691
85 411
530 798
617 686
157 930
298 640
279 398
193 358
215 642
159 976
151 886
154 632
338 978
283 288
467 863
425 866
34 981
139 997
20 817
323 589
851 974
823 912
460 860
100 288
666 928
499 522
8 699
127 650
295 463
756 858
186 705
19 299
43 656
208 989
249 761
736 879
166 992
441 702
312 817
201 986
292 350
228 823
195 417
634 989
279 761
380 813
300 820
107 425
117 884
602 633
146 353
964 985
67 474
260 374
499 656
540 657
70 250
176 646
363 472
832 950
104 248
615 952
35 377
62 251
279 774
394 724
273 434
705 882
443 882
649 721
616 773
148 439
93 503
299 837
593 826
323 965
71 192
155 829
417 600
114 791
205 946
255 538
45 957
164 383
67 487
116 608
56 328
391 547
313 893
41 434
160 385
258 957
406 855
132 323
560 770
197 681
250 544
76 391
177 968
595 727
144 791
106 270
278 791
42 551
126 922
124 324
368 950
473 737
519 853
505 955
128 968
255 780
482 971
141 678
444 450
34 552
199 619
479 902
166 442
0 904
644 740
36 332
247 552
285 807
44 452
766 851
21 734
530 840
750 843
56 920
727 896
47 871
336 745
826 838
451 732
850 966
583 851
671 735
127 571
63 852
495 509
701 843
775 792
522 612
783 912
53 807
83 915
152 520
59 329
845 972
363 969
836 923
624 744
495 630
168 235
11 517
33 47
492 561
249 574
101 181
96 746
490 636
211 992
393 740
742 857
374 461
178 815
365 641
236 756
392 515
337 579
610 674
87 633
376 507
49 112
340 813
152 762
680 918
45 407
143 713
380 397
41 931
578 641
22 652
204 400
443 682
517 631
168 477
149 235
420 698
62 990
263 980
189 536
271 346
326 807
50 872
193 426
394 416
349 939
127 826
467 931
38 754
234 400
282 885
266 352
502 888
194 772
216 531
422 636
205 867
64 891
40 305
802 857
12 472
86 421
581 629
770 824
828 994
60 139
423 716
717 934
832 884
818 986
436 655
267 819
88 588
33 652
649 884
179 706
415 717
234 413
148 373
115 721
44 252
123 545
422 878
45 891
380 881
480 590
158 539
39 322
732 774
66 950
190 491
80 619
80 848
415 609
43 966
800 945
758 948
1 740
183 488
274 835
172 558
572 943
56 383
448 907
46 604
170 899
290 964
260 563
663 953
97 276
83 378
415 851
14 507
588 779
95 617
320 964
125 725
120 381
259 725
586 854
152 333
212 384
148 857
19 743
583 785
239 975
49 622
431 687
291 384
783 846
631 718
232 972
263 322
89 923
328 451
166 618
474 505
484 964
119 277
412 795
627 720
541 680
940 951
409 497
502 688
328 801
367 500
396 972
592 618
19 985
127 518
228 570
849 917
692 970
112 395
337 742
392 449
20 577
653 978
56 759
391 749
265 344
251 446
430 677
382 929
385 934
52 236
403 988
460 970
133 575
408 514
55 884
256 416
209 570
94 354
300 688
723 791
140 470
714 971
356 997
538 745
142 516
51 132
78 760
97 773
50 927
124 876
624 933
517 578
126 656
2 886
0 59
41 60
342 991
137 293
610 742
64 717
243 948
941 990
289 835
311 594
154 647
641 994
140 712
214 661
66 534
673 946
60 194
152 951
697 751
169 366
394 713
416 997
350 643
457 540
603 823
154 768
561 597
313 532
533 764
41 73
390 715
63 357
472 525
15 20
397 876
125 417
751 879
424 484
300 943
112 892
280 705
127 197
225 540
445 772
137 656
679 710
362 774
250 304
573 957
172 384
405 592
284 302
189 967
13 482
82 841
151 675
173 205
343 882
183 664
12 782
208 428
158 836
428 431
89 736
125 430
231 560
391 549
124 205
533 898
491 901
257 734
711 904
713 950
295 962
23 503
372 428
317 492
303 557
690 737
289 393
426 664
288 959
885 949
637 847
752 834
141 909
43 337
521 901
340 560
20 390
625 729
284 436
270 501
220 680
555 899
272 318
227 804
516 678
543 552
243 519
229 621
546 971
324 858
250 680
458 858
664 963
315 809
227 696
189 404
722 904
144 927
194 519
433 801
9 968
212 802
279 563
100 103
666 743
243 640
485 668
191 221
96 627
476 848
206 987
723 725
34 917
689 848
419 987
735 964
275 979
283 574
118 995
159 804
164 882
195 232
580 797
38 514
98 528
967 977
277 759
307 638
367 689
441 638
21 52
67 168
633 808
495 874
624 759
145 990
439 979
613 866
170 525
717 923
502 998
400 987
529 872
596 633
348 531
325 813
344 826
383 754
305 871
434 756
198 708
43 834
510 980
381 829
670 703
441 880
554 757
134 171
210 718
545 937
237 592
107 711
281 598
253 536
547 754
234 294
60 141
161 718
422 759
120 128
378 652
111 308
264 550
176 703
262 477
201 238
786 891
266 367
1 850
422 880
250 359
563 590
174 778
76 206
141 372
20 82
811 840
38 890
148 496
201 359
373 843
280 652
10 791
25 133
128 783
164 440
59 949
458 658
76 327
301 711
977 994
834 945
350 832
639 706
93 681
552 966
32 671
206 558
519 789
752 997
76 219
378 786
484 953
759 892
224 319
410 738
64 101
99 324
530 776
39 687
259 956
59 144
64 222
597 951
74 910
473 915
748 891
662 851
173 394
711 972
463 907
184 260
351 437
229 676
745 970
265 333
270 448
657 857
256 513
201 614
660 899
252 808
11 453
145 453
384 735
492 497
631 841
815 921
460 730
152 577
174 336
243 466
295 333
539 730
434 448
453 690
599 744
566 567
645 860
170 338
502 811
736 749
823 903
422 559
64 585
14 993
135 236
30 708
107 403
360 583
310 991
613 800
444 991
805 970
120 867
125 982
152 819
661 696
721 747
237 405
117 983
5 247
805 862
675 752
408 637
523 883
517 809
591 758
85 886
602 624
203 878
640 650
165 357
82 588
362 642
837 935
23 947
97 896
790 823
499 876
573 596
232 532
452 535
696 932
415 653
143 194
308 527
506 771
827 863
772 927
505 812
309 937
593 696
152 953
18 724
361 538
760 809
245 363
47 607
682 889
374 773
50 124
181 607
709 763
93 494
781 868
203 891
44 80
1 676
422 935
147 730
670 771
35 260
494 774
438 879
779 943
718 933
9 244
162 486
148 322
621 771
294 605
156 900
188 889
183 545
310 320
119 789
67 599
361 551
512 720
157 492
903 955
655 890
306 736
498 906
264 739
229 489
321 721
32 618
660 712
257 965
25 201
384 777
398 446
232 908
548 619
171 669
498 798
18 161
484 900
537 726
234 725
215 446
5 865
275 497
239 803
789 947
96 266
113 435
25 322
357 795
926 952
475 787
172 978
590 737
268 457
226 726
270 274
473 862
729 788
495 621
178 685
305 497
131 573
52 280
38 382
659 729
329 854
84 498
535 959
84 269
310 575
82 159
419 976
188 326
605 614
223 283
627 898
197 819
217 505
626 673
5 60
282 863
106 408
235 293
83 919
138 626
229 973
108 683
237 339
803 979
335 874
173 583
352 814
176 329
214 355
198 347
318 678
538 681
450 568
469 581
4 747
143 825
611 930
738 971
399 751
3 522
44 819
135 412
195 463
214 705
268 941
142 573
488 981
106 879
670 692
606 973
688 746
26 132
17 578
545 697
512 520
28 178
0 345
76 892
571 871
285 477
268 833
188 581
480 689
232 358
435 946
572 692
663 810
695 762
571 992
65 366
290 713
92 994
427 947
213 466
600 875
591 826
498 598
99 889
608 995
525 997
454 528
280 641
230 820
577 598
311 893
254 359
374 949
410 606
102 261
406 901
695 775
492 941
528 598
51 673
142 828
128 664
100 831
293 731
136 259
922 939
287 428
586 953
801 878
311 785
4 76
262 600
363 652
520 895
420 957
5 678
640 960
459 885
588 770
211 783
187 197
357 837
431 786
628 842
655 716
166 259
33 898
196 367
743 765
32 673
159 485
169 678
100 844
7 616
609 950
549 670
131 157
394 796
222 275
347 721
111 673
278 850
364 624
367 370
584 893
121 903
14 740
831 999
468 947
456 856
570 729
344 386
156 860
343 952
458 902
62 444
535 893
125 729
190 858
400 439
364 745
212 388
951 956
121 206
115 391
768 956
212 738
298 512
297 553
756 838
219 633
604 969
81 928
222 638
153 804
636 921
87 450
1 181
59 388
312 568
224 684
212 630
193 351
69 810
36 404
349 864
201 737
321 802
682 744
365 808
136 985
833 913
263 797
258 453
249 633
106 584
128 343
446 918
410 995
42 276
122 942
239 295
225 397
254 869
923 964
185 998
548 821
274 518
77 647
657 993
27 826
402 703
99 702
489 628
286 528
93 362
506 531
48 885
82 469
416 759
116 238
93 483
387 701
84 929
313 523
483 934
445 642
376 808
271 526
211 246
675 875
45 708
572 868
80 665
231 309
85 780
93 604
248 249
626 875
612 940
118 139
133 942
471 937
262 534
181 609
248 370
387 943
93 496
841 884
354 537
464 934
445 655
753 771
161 896
109 706
579 884
436 835
62 365
353 837
48 201
306 725
667 704
218 612
433 537
686 717
78 80
262 426
79 719
855 940
113 303
252 381
16 370
21 485
91 958
414 416
512 722
36 204
253 727
280 830
385 617
885 940
274 786
507 728
69 502
349 556
588 838
868 892
169 854
186 269
7 792
497 656
750 836
208 553
631 656
172 859
755 951
442 491
20 502
686 851
33 966
103 392
460 666
45 158
382 975
96 618
77 339
762 967
622 664
233 852
302 457
618 959
315 921
116 977
405 851
14 929
399 511
569 922
416 451
624 629
121 274
164 873
140 287
360 519
310 927
62 862
184 559
203 572
172 993
189 408
842 973
191 454
578 863
504 685
701 970
28 167
723 729
425 806
640 694
146 159
225 452
612 632
23 762
69 878
143 827
399 753
265 524
358 752
246 511
237 462
335 997
144 234
316 755
448 645
544 878
211 409
362 578
312 757
26 363
67 401
867 979
311 761
232 239
691 753
70 177
25 929
200 930
102 358
112 817
167 524
411 884
60 132
299 414
318 693
115 822
101 658
390 532
338 342
100 699
559 755
218 425
112 938
506 828
492 930
506 599
115 943
202 602
150 183
12 707
568 696
306 430
567 700
383 879
144 368
181 664
533 594
343 699
139 374
195 720
167 887
630 648
547 879
280 764
456 495
8 76
868 934
257 551
618 759
100 833
530 646
260 785
31 962
191 951
158 774
328 431
135 790
107 728
437 603
690 783
93 793
280 656
533 836
780 942
431 788
329 777
752 880
426 831
151 626
310 619
549 672
232 965
507 675
460 829
345 613
111 446
479 842
484 957
570 960
162 906
231 511
382 909
270 439
41 616
36 272
108 377
349 503
616 847
242 377
321 670
590 794
631 832
230 259
713 901
138 670
83 734
513 547
231 632
147 224
745 853
349 853
99 449
181 222
90 629
530 901
37 739
113 734
569 748
25 621
61 278
218 935
78 632
174 340
413 622
36 635
330 853
559 676
726 853
60 992
605 792
448 579
742 797
250 860
14 58
222 761
538 738
617 802
703 805
548 931
675 743
620 807
482 577
45 347
91 692
339 528
187 925
421 863
335 823
94 468
715 815
489 738
85 648
195 291
135 240
314 471
341 345
342 984
151 184
309 807
703 926
44 58
268 769
400 925
97 887
224 928
193 595
105 748
853 870
932 934
443 743
603 695
593 687
49 294
224 820
7 297
353 705
867 926
108 874
116 469
401 867
57 828
79 587
160 246
693 746
63 350
235 834
142 643
362 646
441 939
155 582
67 469
260 369
246 471
361 421
540 652
256 893
853 883
765 999
350 528
28 477
809 813
36 72
695 940
602 749
161 777
68 549
730 934
463 819
296 413
463 590
70 595
792 994
231 432
138 241
299 832
178 542
813 824
758 888
403 660
217 241
2 87
576 588
801 935
493 590
355 885
706 819
398 437
81 730
810 876
461 493
309 365
311 963
405 598
78 203
778 843
229 372
330 424
197 797
85 98
76 507
310 445
783 894
394 853
227 676
815 846
326 655
73 209
264 743
372 542
322 950
129 784
611 787
41 671
349 787
588 840
65 799
173 332
257 969
412 614
250 781
411 618
631 658
447 837
529 610
303 792
303 563
17 206
96 499
509 668
108 324
24 330
736 795
259 907
400 617
73 222
298 569
859 902
210 456
638 903
316 623
8 507
338 907
61 104
544 975
700 734
571 620
268 811
538 672
15 402
139 697
101 176
432 690
17 448
471 618
28 48
401 559
88 99
659 854
459 500
87 628
183 336
601 620
124 695
22 647
44 931
168 472
404 685
175 862
337 695
175 633
703 752
675 919
293 588
155 395
124 816
26 244
72 360
89 300
204 287
295 634
214 709
61 238
258 523
560 565
1 601
123 298
68 362
26 365
402 652
190 473
369 475
379 934
126 717
271 583
221 991
293 601
535 629
432 945
848 860
793 924
311 884
226 288
78 124
143 253
492 932
115 945
524 884
513 991
199 306
75 765
61 601
126 730
693 814
101 902
519 661
799 944
904 997
145 191
752 869
255 588
40 663
370 538
279 945
282 425
788 822
120 363
130 822
658 712
897 994
247 589
27 320
25 247
491 720
112 135
544 546
89 676
653 718
424 895
56 728
484 946
135 792
556 822
107 730
341 897
445 954
63 660
25 368
442 656
361 731
667 774
312 546
919 995
451 661
776 946
454 895
118 680
541 783
85 274
67 900
444 621
623 852
31 977
315 736
741 844
842 896
264 919
367 374
69 451
418 605
280 900
75 202
398 855
384 957
319 333
107 154
186 447
184 374
576 898
139 631
942 955
221 441
37 620
721 727
504 729
163 436
187 564
398 747
269 862
365 570
198 393
444 863
310 634
318 495
225 267
340 742
548 920
708 909
111 690
501 616
446 680
96 567
668 729
525 909
57 575
0 41
167 218
134 795
731 785
390 455
101 352
6 758
629 737
257 340
212 863
702 727
413 624
141 165
58 396
443 503
849 925
52 352
425 863
62 811
43 532
337 750
846 856
343 501
37 983
49 54
123 232
293 643
391 986
191 632
55 771
526 622
149 635
218 240
517 802
429 689
314 473
319 817
117 868
318 858
700 923
165 350
511 758
617 925
441 699
119 648
881 971
435 884
42 401
190 299
575 635
79 697
165 471
318 750
247 281
426 512
15 712
642 810
224 822
380 581
172 366
378 471
489 982
737 818
102 307
262 296
869 974
79 589
132 186
285 428
656 866
394 829
210 779
223 718
135 605
300 938
148 544
382 482
146 471
874 944
239 433
151 320
101 728
697 759
7 312
208 302
584 818
212 421
663 882
157 256
5 616
10 731
627 636
30 380
40 610
117 305
384 420
843 934
609 767
3 957
125 425
133 249
37 312
410 786
289 496
5 737
982 985
63 944
662 778
104 487
40 731
141 783
39 506
433 662
746 893
451 945
699 781
281 793
247 657
140 265
725 955
217 256
310 447
516 781
664 716
48 447
166 668
273 565
73 211
565 673
878 904
181 976
17 316
36 329
509 778
508 553
632 848
71 552
315 912
810 891
116 968
188 319
23 511
551 896
138 498
432 679
143 805
418 781
253 973
311 389
233 735
411 512
576 845
273 807
49 96
548 746
367 442
680 902
231 810
430 727
504 676
289 751
798 894
215 573
85 692
365 746
79 389
631 902
538 674
323 520
648 805
73 345
229 858
303 807
232 338
96 743
223 289
393 966
233 977
291 689
186 407
478 515
65 117
323 641
271 451
268 934
617 859
395 746
529 746
515 582
21 47
241 279
256 587
228 754
360 644
2 936
420 695
107 235
156 585
1 711
161 700
307 754
174 639
375 400
416 926
913 978
190 354
66 584
107 585
33 407
291 931
888 921
327 588
192 400
268 947
175 756
450 695
381 824
582 585
721 929
628 701
91 762
521 575
39 306
811 822
186 999
556 569
308 467
258 875
93 313
263 990
373 596
478 649
32 303
684 983
343 690
381 945
577 591
40 652
40 423
260 426
86 539
204 760
75 875
94 888
916 996
547 870
514 693
679 760
1 845
598 835
482 889
549 650
3 891
600 881
72 496
619 894
672 986
111 424
176 819
718 873
663 937
61 603
162 655
704 709
308 480
173 255
178 370
85 142
384 475
790 897
669 836
405 763
369 840
429 891
333 365
35 671
115 142
199 779
526 945
72 738
424 897
419 553
905 941
46 722
189 212
617 659
56 622
465 561
776 948
46 843
435 618
374 379
527 621
95 735
678 790
829 959
433 959
502 564
39 574
345 846
405 897
465 682
45 96
275 787
123 918
238 905
300 322
35 805
19 43
29 502
958 965
15 338
400 903
171 851
639 956
102 980
36 626
745 857
784 785
261 744
495 682
302 516
324 800
594 624
912 970
24 279
213 969
115 397
483 564
37 972
548 922
413 734
129 975
36 518
146 915
710 957
204 331
624 688
57 577
2 641
24 400
411 809
48 757
249 747
82 341
543 736
271 277
101 354
942 970
437 983
292 565
619 694
261 986
159 975
181 468
164 824
594 637
202 527
128 349
7 288
721 863
325 863
17 518
237 521
89 357
561 581
137 519
132 175
510 801
238 342
326 980
343 624
499 871
17 868
270 819
72 309
8 819
405 455
140 938
603 699
654 930
5 484
165 473
146 231
423 997
918 976
59 757
582 761
20 240
619 828
672 691
190 651
811 998
314 717
162 589
29 999
712 992
786 941
32 479
409 991
137 532
381 892
16 242
193 841
64 956
320 882
274 537
194 248
70 707
139 312
144 427
280 702
436 949
123 489
274 887
582 774
153 597
394 723
254 420
400 474
873 923
28 602
138 245
22 33
63 825
307 956
255 766
771 831
315 551
103 372
292 833
1 95
606 700
430 474
382 726
215 320
657 665
354 664
371 833
99 374
10 36
180 713
254 433
391 667
745 899
330 657
36 210
247 659
392 488
604 667
260 857
139 567
199 618
133 264
312 495
336 852
69 508
344 447
89 157
192 844
536 617
99 387
300 377
257 973
323 509
221 498
666 848
303 796
339 453
110 630
509 901
149 329
283 329
178 801
35 981
508 676
365 627
277 514
208 680
199 860
73 226
513 727
620 624
47 991
377 866
196 562
182 627
44 922
374 568
200 681
106 753
870 920
343 437
496 679
188 334
391 922
399 746
416 686
113 914
222 820
750 976
478 517
194 987
276 797
758 800
78 812
441 635
647 969
480 563
72 243
476 858
25 922
742 977
728 813
146 165
13 50
68 474
6 828
35 297
348 528
241 402
64 769
573 646
380 517
361 467
737 754
88 574
492 923
79 525
621 808
10 654
519 531
147 659
100 813
133 761
95 469
821 869
721 931
67 407
633 818
163 640
591 821
28 415
828 993
146 407
445 703
145 182
147 780
324 413
95 590
62 184
72 606
22 785
75 877
575 934
83 243
322 525
143 257
60 488
868 927
13 184
82 772
692 701
86 891
301 587
282 308
341 888
239 840
662 714
426 703
233 537
352 488
412 539
85 144
664 760
287 773
282 429
72 619
498 956
345 485
207 255
171 598
792 945
355 944
69 550
10 909
13 655
49 608
577 727
40 788
26 853
664 881
535 996
172 907
375 778
392 422
534 542
317 773
704 953
284 367
146 662
354 840
132 727
30 450
11 208
52 209
167 196
112 260
766 784
301 950
241 670
141 732
425 491
180 660
856 943
1 163
331 792
102 969
279 373
652 884
3 209
743 773
297 427
209 314
335 453
393 660
214 392
458 789
711 969
764 832
423 502
15 448
309 666
543 604
245 910
534 784
23 568
738 779
41 622
70 91
13 789
316 561
297 319
22 343
426 958
481 628
305 668
222 633
53 861
180 673
413 615
284 730
397 607
335 924
94 569
435 633
641 967
61 163
448 572
179 384
117 738
222 754
244 513
428 859
469 631
245 923
265 572
418 851
779 793
8 687
261 867
113 740
624 690
228 690
130 384
33 451
508 744
239 290
645 749
49 166
243 934
740 986
647 795
44 990
190 290
319 929
484 508
833 921
179 397
268 883
309 921
513 916
716 750
895 981
36 991
77 763
96 813
416 754
204 346
591 755
448 935
520 811
24 644
10 709
225 405
266 406
629 983
54 523
18 829
64 945
298 883
375 578
158 351
402 711
572 634
281 650
368 575
390 593
128 822
296 406
246 814
213 637
521 524
58 534
157 476
778 823
649 709
561 825
137 763
173 191
505 701
235 840
320 884
246 706
58 884
158 593
314 840
685 753
98 956
371 822
266 540
18 963
466 830
672 935
23 489
152 374
162 604
459 827
445 892
352 435
417 830
577 782
21 601
217 247
664 936
755 825
347 771
488 710
185 443
690 844
349 551
299 959
118 618
472 887
109 835
871 892
650 893
15 382
139 677
873 938
418 772
421 777
335 737
445 905
715 729
756 767
546 957
104 612
112 436
324 615
136 564
282 618
103 387
139 798
590 734
328 734
312 497
97 572
0 905
251 258
110 282
583 731
624 732
113 553
541 963
622 659
214 339
577 916
406 509
139 919
156 334
4 502
501 554
363 849
462 562
233 739
49 918
486 919
527 691
236 973
599 796
604 911
189 632
189 403
1 581
37 800
298 804
325 678
110 524
261 922
453 863
728 802
93 291
24 457
222 701
516 919
376 616
202 463
243 989
330 914
158 393
531 904
158 164
204 509
30 881
9 41
253 401
84 858
225 568
607 633
731 965
46 108
505 622
68 355
430 973
320 347
278 579
443 683
536 874
602 676
220 345
211 296
340 935
54 578
802 966
619 993
322 514
360 769
9 54
102 245
473 646
404 812
11 63
436 764
238 291
334 753
480 807
375 525
779 874
806 977
591 823
85 951
415 826
239 600
404 933
371 756
266 474
123 654
68 718
104 412
417 872
725 759
769 802
554 877
600 993
180 407
311 890
273 598
157 423
102 487
97 143
186 895
93 667
215 364
676 988
230 938
44 482
338 700
813 993
447 643
166 364
28 659
630 993
102 608
124 367
556 815
542 880
616 829
60 611
215 256
183 947
338 592
219 375
57 84
655 942
259 713
240 434
185 498
162 780
831 875
657 722
349 606
473 901
211 901
333 598
137 723
62 549
351 423
370 665
15 208
144 847
326 595
23 557
231 506
537 778
583 894
41 611
509 716
662 958
63 895
126 160
40 911
346 429
120 611
595 904
78 614
91 324
96 668
338 955
733 959
131 396
428 848
510 658
240 797
326 608
620 789
501 609
138 557
564 894
182 334
863 961
696 784
701 899
300 555
346 671
2 632
626 725
636 918
185 982
37 855
923 948
78 627
59 385
446 794
501 730
611 861
325 504
798 953
96 681
435 635
816 970
714 959
19 168
409 848
170 337
323 808
101 466
156 173
97 761
155 214
292 448
402 579
429 682
448 695
140 579
131 759
409 969
20 928
44 53
610 730
348 464
416 864
397 622
619 698
364 408
314 587
434 918
332 641
491 634
670 865
45 813
765 873
50 110
167 695
415 531
186 708
800 867
552 765
104 117
362 641
554 811
77 657
512 814
6 188
171 521
195 878
575 870
28 243
112 880
454 580
299 706
1 783
716 994
86 827
339 778
163 818
760 808
209 934
121 821
465 594
418 519
327 660
170 942
236 478
274 770
494 773
788 991
535 811
1 86
460 637
42 649
685 755
143 435
616 884
69 257
280 706
533 886
495 594
552 899
324 483
398 432
131 317
829 884
378 948
309 360
586 897
78 427
61 783
484 886
261 319
780 884
164 386
43 325
172 735
581 940
378 840
759 946
47 740
88 778
215 553
110 271
817 887
674 838
495 607
168 212
519 964
352 558
44 442
7 789
153 614
502 731
359 719
273 679
732 964
331 620
14 684
50 378
344 559
93 977
803 844
352 908
164 857
126 336
585 887
318 543
20 849
39 862
557 559
689 715
240 623
479 905
298 564
740 909
270 502
60 921
206 746
434 610
893 895
552 565
170 271
650 908
180 730
419 975
106 515
754 965
50 849
647 839
205 494
251 610
624 626
228 626
168 346
71 908
291 682
304 621
63 266
87 623
166 687
501 906
40 282
418 908
707 745
600 619
242 911
187 975
471 505
75 505
550 798
39 57
99 862
902 957
492 793
879 973
304 513
95 339
40 403
292 624
330 916
149 575
383 513
295 629
28 285
112 693
580 798
272 682
846 917
266 342
87 865
610 906
175 749
82 521
288 626
183 344
362 575
169 180
298 819
399 871
270 986
287 401
127 937
75 747
168 709
245 404
622 916
355 572
234 511
225 691
392 868
387 524
21 403
804 812
58 699
806 858
121 755
8 60
230 927
147 892
250 347
760 863
20 299
723 981
124 127
547 984
354 589
13 296
753 823
813 874
725 990
109 529
238 414
12 825
91 889
428 474
328 536
3 776
144 486
23 425
878 939
487 825
514 928
679 995
118 433
197 726
352 371
200 243
799 831
334 997
329 653
291 361
394 782
218 556
171 710
259 594
9 419
809 997
79 892
643 705
51 793
574 834
233 541
183 949
85 377
118 325
95 836
296 597
158 892
562 716
278 957
276 359
768 821
405 769
23 438
303 492
22 213
8 315
388 536
241 782
43 272
824 837
347 949
180 772
144 849
419 788
534 775
42 838
877 885
426 949
665 965
107 149
563 954
112 264
562 958
309 549
196 608
798 942
724 727
316 673
849 907
107 270
38 436
544 796
236 680
282 796
497 721
423 506
441 560
45 560
513 665
105 611
224 562
638 845
624 910
421 847
677 773
844 950
104 911
140 339
434 557
57 799
327 394
227 981
390 450
343 375
620 912
207 514
212 858
260 340
418 963
243 696
325 506
416 624
599 974
52 347
0 157
557 977
285 289
156 404
111 927
240 812
255 383
358 804
94 694
402 581
369 404
797 851
102 289
14 176
291 750
387 458
422 681
348 466
721 977
265 697
559 915
779 918
724 982
751 856
176 625
317 335
231 295
146 453
423 990
87 812
785 854
35 127
296 397
532 933
208 284
806 913
322 571
112 990
676 803
93 482
406 942
189 944
183 641
417 579
238 348
403 415
535 571
134 227
573 826
686 703
663 985
341 934
83 181
450 877
334 931
166 300
204 592
176 759
685 865
391 418
239 778
841 883
211 716
393 464
744 950
530 698
117 300
348 721
86 950
136 313
516 534
856 868
106 141
625 706
468 759
836 889
215 313
225 772
151 557
527 548
472 649
348 842
227 781
31 906
554 947
595 719
78 200
163 244
187 601
80 209
525 596
678 838
7 670
84 365
67 950
650 776
428 663
254 547
218 853
245 956
138 601
652 822
303 668
14 565
108 429
476 596
112 319
425 779
375 958
318 424
359 950
501 545
270 383
335 741
674 961
393 719
219 566
420 556
180 840
137 204
345 907
166 676
331 972
138 614
31 451
757 851
657 913
130 201
80 343
310 805
425 792
497 668
423 682
156 338
111 861
185 810
147 289
293 343
784 846
677 720
214 464
525 851
19 225
115 458
703 857
298 808
614 785
36 808
779 852
182 633
471 507
388 738
159 915
314 752
233 864
401 677
217 856
332 806
538 911
115 579
474 926
35 290
367 800
114 354
413 916
788 793
300 975
9 274
429 631
594 927
148 352
48 939
385 524
285 357
802 849
62 285
48 121
719 814
886 991
387 755
74 295
275 285
63 402
334 865
444 471
628 817
210 829
848 857
727 796
894 973
402 999
677 975
47 542
795 930
506 827
225 814
27 75
505 868
105 934
191 937
260 542
471 991
908 992
672 981
259 583
199 303
630 984
649 997
778 882
776 809
74 537
299 884
588 758
643 694
885 981
348 776
117 355
623 715
282 422
540 717
359 642
166 476
336 658
253 889
108 242
151 612
219 258
334 999
669 952
466 889
655 825
317 766
83 599
28 663
212 484
704 946
97 497
105 129
671 769
99 314
197 620
458 890
90 494
200 366
186 202
131 266
227 728
342 715
639 938
364 733
644 787
652 877
124 492
64 212
266 841
541 780
646 833
214 385
79 197
15 212
56 967
400 548
188 369
666 667
303 615
432 500
3 323
89 97
302 390
118 569
140 328
117 610
585 715
282 906
82 323
39 919
617 667
529 783
326 720
548 796
42 961
100 148
432 621
622 718
849 909
90 857
167 323
93 108
342 849
180 787
587 616
215 744
177 452
118 811
319 801
33 215
736 860
689 785
166 744
702 724
260 342
418 965
31 290
251 559
108 739
490 804
366 509
154 626
135 347
30 819
52 578
337 976
698 955
1 532
45 804
124 868
339 527
449 924
89 581
724 863
672 673
322 560
272 739
387 460
552 756
560 617
192 221
496 861
155 339
31 761
573 815
213 280
182 930
894 907
311 586
383 691
322 452
387 810
189 825
376 917
450 866
192 342
307 817
716 756
29 55
397 976
366 643
199 237
355 979
78 176
503 877
314 941
663 866
649 931
281 535
291 994
24 879
621 869
234 460
725 926
183 643
16 237
205 927
26 659
100 645
790 826
17 876
922 982
282 356
581 689
350 756
166 181
190 538
97 310
594 887
115 889
63 699
211 597
123 713
30 256
637 705
172 605
342 528
15 133
34 412
204 823
181 839
248 600
253 944
468 869
79 828
65 664
560 872
118 490
68 669
21 823
255 761
530 700
497 523
213 764
18 259
185 436
336 834
59 68
358 364
79 949
583 711
528 775
215 315
36 84
500 942
41 428
734 880
407 485
178 662
563 998
126 206
186 257
871 885
131 321
268 326
400 482
553 724
231 673
124 547
234 944
294 958
148 675
22 270
527 671
595 842
180 600
455 539
326 654
245 729
754 835
330 544
77 98
118 853
388 485
52 270
263 719
411 617
9 839
97 686
336 968
31 332
569 910
316 501
674 963
295 378
508 671
766 966
134 955
134 726
392 496
287 968
717 781
400 845
59 552
842 961
826 953
39 48
335 864
228 738
154 560
448 741
272 781
217 845
88 206
310 807
24 450
277 630
194 861
49 214
6 810
362 445
124 802
592 907
499 679
339 461
96 740
3 512
416 910
438 440
388 848
99 974
295 391
267 558
43 813
19 227
258 509
189 638
304 625
557 805
502 869
207 692
105 910
647 964
289 990
58 569
182 864
839 905
130 445
605 738
107 461
962 975
253 515
29 807
132 225
505 736
202 698
529 864
202 469
100 458
339 703
633 921
447 502
320 461
158 399
22 767
378 402
457 695
453 990
709 916
112 697
332 929
888 918
201 217
887 922
445 577
118 182
587 926
31 708
17 810
232 698
259 572
792 806
138 282
487 695
170 759
27 185
285 709
192 518
799 930
257 647
68 482
436 649
618 626
370 524
661 996
260 652
609 806
12 587
67 523
834 924
306 539
350 811
639 685
374 939
489 926
695 994
165 765
220 472
528 588
27 306
109 641
150 642
200 234
931 978
494 940
12 937
535 749
562 586
144 598
424 881
36 247
196 236
239 835
22 83
244 950
646 701
472 585
716 945
494 832
609 819
172 552
131 376
217 416
236 429
40 783
563 824
222 265
442 534
488 650
4 537
78 486
18 206
138 537
9 652
625 655
267 947
646 714
305 650
458 892
117 599
287 781
268 502
474 607
565 725
666 777
298 381
757 895
338 948
393 655
355 363
48 620
39 800
340 728
636 790
567 956
708 895
9 665
647 656
96 782
531 710
305 663
866 959
599 615
19 40
141 969
958 962
881 944
8 790
383 438
333 846
200 731
747 900
425 849
318 723
84 556
645 852
631 954
258 443
63 204
6 865
532 682
812 965
270 682
946 965
113 964
803 916
149 392
264 342
350 382
33 446
126 408
599 857
115 515
629 965
395 798
147 467
661 917
565 980
270 803
13 918
89 233
233 921
346 798
65 290
416 978
292 454
127 875
765 866
144 290
825 917
173 991
869 960
654 806
43 881
800 860
698 849
32 234
367 978
169 468
64 940
380 917
554 575
163 919
397 857
264 476
317 339
575 863
327 761
129 288
201 393
239 648
915 968
277 940
693 855
406 825
117 170
296 401
334 693
246 580
595 697
347 632
89 596
168 889
111 355
195 992
630 920
47 599
181 599
542 578
674 697
178 301
64 953
370 471
447 691
345 414
121 935
350 758
267 989
360 951
387 825
407 474
393 576
290 892
868 869
252 371
169 602
463 820
57 132
241 707
134 581
208 301
466 825
161 189
534 700
658 766
575 997
215 425
247 643
734 761
252 721
203 307
73 197
59 299
312 479
78 312
602 992
776 879
41 430
877 931
421 651
822 995
476 587
729 767
379 425
346 477
167 246
475 887
507 839
414 648
639 995
391 664
432 665
229 602
745 896
430 592
96 487
215 438
643 885
80 213
319 495
2 559
332 434
571 716
488 947
115 207
68 95
221 374
56 795
13 839
720 960
164 742
241 962
700 722
409 546
328 850
529 611
3 501
509 898
397 428
605 606
383 493
803 850
508 673
747 955
750 960
442 844
513 724
721 902
301 316
541 971
640 684
32 47
837 969
529 853
18 637
157 981
339 463
39 171
913 964
127 809
751 902
352 927
14 114
492 907
401 560
332 689
423 807
703 861
166 922
290 463
301 558
628 687
559 853
158 509
3 635
300 858
11 755
415 579
542 620
318 912
46 224
101 648
123 407
601 971
496 689
205 742
213 566
452 582
8 871
80 710
61 468
281 471
234 625
217 981
371 630
100 810
91 990
81 302
134 394
438 805
880 921
331 413
231 246
275 289
794 854
73 828
315 590
158 643
199 644
581 746
297 987
719 939
168 836
195 939
878 932
503 826
616 703
280 754
294 423
244 831
808 873
426 579
417 988
62 531
549 649
359 754
507 652
133 182
699 822
50 413
468 926
776 813
330 467
767 993
22 85
206 431
192 533
32 544
66 128
200 357
274 831
783 937
617 645
419 660
176 939
456 727
17 128
371 885
85 262
71 364
458 773
291 367
112 136
356 725
48 380
595 778
667 883
741 832
345 832
359 767
185 614
273 727
265 314
163 303
748 993
225 952
863 943
321 660
256 265
35 791
250 716
403 958
95 842
87 429
92 773
68 150
565 956
317 891
386 496
680 714
657 730
94 324
287 904
142 486
235 448
601 771
45 553
119 273
380 543
504 838
105 375
485 596
349 735
8 442
209 432
25 611
393 778
33 206
342 961
15 566
309 784
82 327
763 954
923 943
474 851
749 790
694 854
518 894
205 434
349 856
297 666
490 566
641 964
233 910
42 147
484 492
16 912
57 684
654 674
24 507
934 957
103 800
106 805
689 897
152 921
73 399
334 669
446 910
592 964
729 969
314 690
365 921
580 846
420 628
165 338
519 570
923 956
6 759
730 790
105 967
661 919
196 856
399 690
213 271
261 985
402 924
144 171
663 736
262 392
420 978
401 736
855 906
14 61
103 813
268 880
16 107
97 998
642 798
17 746
394 467
37 166
61 523
162 575
723 908
286 870
561 809
478 811
280 338
519 583
105 980
582 639
29 167
306 704
619 935
471 808
39 360
77 652
4 110
162 696
313 865
294 586
148 303
151 537
612 932
230 867
285 537
706 796
252 360
147 832
34 403
58 760
139 419
600 814
526 865
801 804
567 637
268 304
92 344
42 523
69 131
201 516
299 822
822 863
450 991
343 865
398 535
255 752
458 586
568 983
236 244
442 578
903 936
669 769
551 750
470 825
456 890
704 763
789 807
228 245
486 769
67 822
72 900
287 596
139 432
54 65
28 830
93 959
170 950
426 876
440 545
202 902
150 712
549 717
521 884
507 949
273 782
130 999
1 94
206 728
27 497
211 843
775 885
123 959
25 424
599 659
370 836
136 669
131 325
409 535
139 674
796 944
414 650
340 435
73 91
0 781
91 374
546 954
324 841
120 782
488 949
180 833
166 669
9 951
647 713
284 661
12 202
149 436
283 436
401 428
0 84
387 493
299 380
455 664
782 793
482 501
58 439
756 777
314 395
412 967
107 331
888 896
420 791
103 855
258 500
227 921
194 973
906 950
376 721
271 439
285 337
139 808
161 567
59 785
381 570
735 839
532 739
86 393
826 957
944 949
321 970
302 691
209 500
641 911
214 578
33 503
492 559
5 175
92 854
54 562
703 742
147 524
18 639
670 794
494 568
110 871
17 680
380 503
215 924
830 968
135 406
157 165
162 509
181 522
360 753
101 758
104 275
362 570
702 904
821 855
153 167
366 460
121 629
742 976
795 802
148 237
800 917
84 747
357 576
109 511
274 578
86 527
81 183
595 633
416 927
37 342
363 512
15 997
610 914
216 758
395 989
254 461
149 933
116 756
42 578
295 758
575 812
437 582
373 826
13 291
604 695
444 477
755 864
199 646
69 536
308 818
10 895
247 579
290 949
35 659
30 315
73 951
512 998
493 756
116 769
685 926
45 71
984 993
8 418
473 777
159 358
590 773
208 479
669 837
39 670
144 723
97 611
264 788
518 641
542 998
373 960
674 888
269 839
167 303
52 87
511 601
650 716
653 950
9 885
45 313
437 837
657 840
99 549
747 999
323 671
521 952
400 891
42 954
193 332
86 206
3 208
77 157
674 901
16 672
150 901
525 778
103 789
231 974
274 378
28 911
22 342
462 843
195 270
318 835
142 609
362 612
680 958
587 730
7 155
339 628
633 846
471 784
677 889
99 912
204 211
393 901
874 908
538 730
557 743
505 553
937 964
114 402
7 276
325 622
724 856
228 918
481 869
429 679
742 910
575 733
148 400
406 695
65 402
299 340
464 673
109 445
496 854
155 332
554 795
251 794
213 502
402 926
589 789
317 330
396 623
126 762
55 64
373 639
82 692
749 926
40 466
427 875
196 979
499 751
828 926
602 620
151 418
450 980
431 701
44 63
702 972
628 986
246 692
375 577
535 795
70 695
262 407
459 921
841 986
285 539
324 467
670 875
375 698
466 816
125 523
254 408
493 690
92 346
9 348
759 809
270 352
189 952
412 701
2 308
683 935
115 185
53 539
273 542
713 814
630 816
542 932
294 601
335 602
660 924
752 927
38 123
7 544
208 534
488 588
124 540
243 491
248 835
0 770
418 529
528 889
481 548
44 547
123 840
85 319
286 309
86 958
884 938
424 953
845 946
127 666
416 540
710 758
500 948
168 209
178 897
720 951
236 838
599 661
198 317
851 882
317 948
129 897
724 777
192 953
733 782
750 951
189 389
395 494
185 913
231 800
31 446
191 435
666 728
578 844
499 551
366 436
278 323
517 605
448 734
352 797
816 901
11 504
176 312
2 913
571 841
282 738
612 613
235 626
92 843
73 564
601 720
372 897
386 795
215 913
210 569
449 851
113 902
278 444
311 392
209 610
13 964
75 381
233 967
508 906
599 795
309 962
428 913
249 682
376 494
615 739
293 459
105 674
158 500
191 448
89 400
206 985
75 502
42 325
80 580
195 567
962 968
544 980
280 382
132 218
100 680
7 223
955 965
210 811
215 926
746 791
605 852
765 804
228 865
135 408
157 167
828 860
406 642
445 570
276 798
18 762
133 749
45 636
380 855
273 463
346 978
327 699
365 991
258 865
113 218
32 293
376 857
235 881
188 806
482 758
17 924
125 457
33 639
850 861
244 822
376 978
54 927
341 876
649 992
327 941
110 189
327 712
767 984
187 409
679 871
539 568
651 809
422 986
85 132
403 707
62 414
315 594
719 943
498 944
424 766
603 997
542 987
261 479
202 838
296 702
623 831
2 255
10 79
829 936
175 183
553 772
606 635
652 751
602 930
657 829
82 894
434 528
122 670
43 148
273 839
139 610
40 79
279 361
45 194
60 731
25 481
319 433
420 485
117 484
464 528
361 844
309 654
161 490
735 762
754 775
298 495
652 764
393 998
385 908
154 487
775 834
250 720
76 796
387 429
26 975
258 544
323 444
376 536
460 944
100 372
702 706
100 143
358 667
523 963
191 261
256 619
127 734
173 850
42 138
121 431
453 904
351 893
76 688
203 729
24 498
392 665
115 387
502 796
395 670
18 454
289 917
481 858
687 963
860 891
698 829
20 914
166 968
329 437
114 283
81 106
246 439
213 262
42 380
594 627
332 627
115 858
953 974
340 976
207 861
705 845
359 437
162 337
640 864
354 507
693 727
51 469
82 573
211 458
178 281
255 501
427 985
2 55
513 796
119 640
503 751
354 399
478 694
32 348
266 286
21 455
463 571
774 921
311 931
256 995
154 984
190 641
825 923
190 412
132 407
73 995
21 576
463 692
790 821
433 520
254 289
586 762
584 689
97 305
214 890
4 114
69 472
124 179
79 931
113 286
271 872
697 980
475 867
554 931
139 423
130 869
120 181
326 515
479 757
61 769
224 238
743 803
170 941
607 942
558 757
463 934
482 947
103 362
507 711
18 254
317 816
47 726
214 314
38 354
274 890
29 534
414 870
226 819
171 883
787 886
23 490
537 711
74 721
891 943
163 241
808 945
393 703
118 498
954 999
85 550
453 488
112 424
194 722
309 480
340 547
18 496
4 369
162 955
45 141
611 781
377 614
456 907
757 835
239 909
118 848
57 609
136 902
48 789
442 716
870 897
636 730
933 953
160 966
275 953
624 841
107 322
747 948
184 313
805 889
342 899
698 763
304 378
87 609
703 841
763 892
422 599
515 790
7 91
298 563
265 386
242 897
297 604
154 784
622 889
589 712
580 892
291 789
225 435
516 907
367 784
501 784
143 810
77 456
710 894
84 846
19 222
146 263
478 507
178 215
559 846
325 679
237 795
163 617
149 682
591 798
11 977
300 851
374 800
478 857
681 728
422 962
205 964
150 274
389 556
205 735
67 505
936 954
301 443
821 967
760 957
663 795
189 875
87 864
804 919
95 459
716 806
26 359
394 526
199 516
328 401
4 48
243 293
267 687
426 451
524 986
178 349
436 873
417 631
18 885
293 824
150 287
353 875
403 467
661 991
466 752
760 970
787 807
231 360
597 683
616 696
574 699
104 521
183 814
338 459
370 640
353 996
669 707
433 696
199 529
168 950
195 824
33 991
410 712
148 712
220 588
528 704
574 820
390 999
627 683
357 822
30 427
389 811
604 699
236 303
53 825
409 460
37 588
312 527
157 424
551 580
418 465
327 835
294 658
22 199
32 658
118 661
68 840
95 714
351 640
158 999
213 706
466 886
378 773
157 545
50 419
148 954
377 548
850 997
65 956
662 946
238 884
439 874
384 938
580 584
604 941
236 545
125 943
199 892
72 851
498 959
212 602
105 476
193 323
726 823
110 325
435 610
77 148
197 967
199 784
56 964
914 995
353 433
229 892
193 215
831 997
743 884
163 309
657 844
333 720
761 901
332 495
244 382
326 946
620 669
383 433
302 737
723 767
425 844
356 973
106 798
205 777
441 559
353 675
67 89
719 732
435 973
278 501
490 680
71 962
38 785
93 455
277 801
43 634
552 740
230 726
629 960
381 629
23 921
138 908
568 721
105 731
418 962
56 280
80 637
756 957
0 385
19 398
354 388
299 452
46 272
610 839
155 444
3 804
218 463
550 973
135 694
424 568
138 211
214 758
258 801
695 802
492 739
712 971
207 984
535 557
265 696
344 989
108 978
493 560
245 458
553 574
184 973
382 463
676 681
368 565
662 746
607 810
239 414
445 748
32 350
178 404
725 802
30 240
7 522
77 995
311 933
264 592
451 684
83 288
341 812
93 710
275 458
5 597
266 409
450 984
197 538
491 756
155 807
141 643
516 520
103 122
586 764
658 869
78 294
133 230
317 576
792 869
468 745
454 810
46 756
762 926
560 977
711 880
320 995
15 130
144 769
278 998
237 997
102 772
212 415
355 989
107 887
298 418
575 992
132 651
321 587
392 467
843 928
259 877
135 841
262 882
468 987
325 413
561 949
275 592
574 888
51 847
407 482
16 597
315 893
203 423
67 828
82 133
171 885
367 531
620 711
726 878
426 882
338 769
85 323
544 608
156 203
488 713
359 828
507 955
4 600
372 767
408 424
578 606
817 888
154 544
61 316
341 370
33 254
310 791
511 552
750 834
15 614
39 971
557 668
268 565
717 886
510 593
648 786
6 565
157 963
71 667
117 783
62 847
492 660
291 670
203 557
153 965
626 660
645 902
340 791
147 625
4 842
23 855
4 613
320 324
306 389
619 620
421 901
168 455
830 840
319 853
506 679
239 335
230 781
533 553
68 224
501 786
124 799
853 908
157 158
102 222
415 453
580 786
60 225
354 443
478 738
362 792
40 512
224 858
334 501
12 450
186 751
492 794
239 577
321 387
560 669
87 974
371 504
390 517
818 964
197 351
601 966
315 343
256 931
259 448
166 220
176 679
575 913
69 287
396 453
728 926
5 531
640 813
552 929
832 983
610 907
49 345
141 577
86 641
34 451
34 222
144 582
1 8
705 915
424 636
663 918
85 941
792 803
181 878
575 805
417 633
310 470
329 520
380 980
208 230
834 921
644 760
456 709
160 418
244 826
519 765
546 639
398 475
114 716
208 580
535 746
204 875
92 405
42 813
364 827
83 585
30 429
21 646
273 830
686 999
130 818
350 821
279 352
212 362
652 863
399 417
210 252
550 586
338 932
104 765
80 142
324 768
140 193
250 590
632 655
186 309
711 948
227 606
722 814
166 596
106 316
23 547
102 840
330 704
662 948
321 884
25 593
51 794
398 838
365 432
838 881
7 724
258 306
180 881
667 999
254 601
601 645
386 720
671 889
440 956
729 830
335 674
830 882
453 895
145 779
208 835
189 556
222 504
414 940
633 718
210 386
127 846
509 948
523 846
177 209
44 848
715 787
337 841
263 663
1 626
499 610
265 443
272 604
786 788
593 659
151 277
82 443
395 903
343 484
50 905
12 384
380 551
306 336
61 276
90 977
869 944
131 978
332 739
60 280
404 615
478 564
642 672
320 621
251 787
504 967
96 913
489 844
43 757
146 212
598 750
656 957
122 232
204 567
391 393
635 790
203 867
10 701
5 357
113 156
404 857
276 857
744 925
155 796
711 748
549 686
702 965
301 621
807 981
58 634
286 986
883 976
88 513
184 975
454 570
376 916
7 524
315 411
237 986
526 860
180 452
567 632
345 519
223 822
382 815
528 640
266 640
546 694
16 465
324 581
145 350
544 584
342 635
122 366
861 934
551 745
465 705
165 938
96 350
36 70
297 340
454 583
404 991
137 876
27 250
729 751
104 470
53 653
120 414
512 938
446 584
353 356
88 876
518 689
229 586
537 702
470 941
148 661
789 923
151 666
54 999
145 363
623 890
103 366
268 662
537 594
143 438
3 135
11 484
359 938
326 761
190 900
441 482
513 587
633 652
163 245
550 654
49 897
145 605
360 493
90 669
434 479
29 659
810 995
361 903
534 831
212 780
157 844
754 834
358 605
17 312
5 975
256 557
319 613
360 385
53 908
82 377
529 608
105 546
573 614
182 729
121 490
849 963
355 428
360 506
511 904
184 546
35 157
600 609
58 326
397 546
182 621
9 141
429 498
107 447
14 219
167 498
514 542
332 565
712 786
276 899
617 963
142 670
311 627
226 260
825 848
11 860
365 863
313 673
392 966
150 386
183 334
587 912
427 694
573 748
344 925
262 563
429 740
308 450
244 694
579 913
290 810
178 340
324 394
21 622
45 979
164 176
790 867
686 746
691 861
185 235
589 850
332 928
426 563
51 420
216 753
238 512
12 694
122 300
111 407
364 587
556 794
69 181
468 681
110 182
127 351
63 861
266 695
128 990
637 867
70 756
400 402
391 582
322 748
129 582
308 584
330 343
255 923
145 297
507 649
396 818
46 934
187 415
211 772
558 816
539 574
585 690
425 472
898 921
84 179
34 587
144 947
235 311
534 644
410 837
627 808
90 603
26 847
290 368
9 880
358 539
91 424
349 948
74 780
355 470
291 714
131 496
39 907
606 762
900 943
17 367
430 536
130 244
555 945
641 948
261 727
435 614
80 386
195 373
121 195
305 770
814 876
300 426
162 196
43 504
273 966
433 955
92 662
91 666
13 783
44 850
404 604
923 940
422 658
73 504
95 263
45 671
67 201
191 496
347 484
306 446
366 497
25 958
56 271
360 453
280 430
656 717
413 959
339 744
306 567
163 784
295 445
66 622
286 854
88 381
140 571
19 281
244 628
13 207
202 631
30 110
427 978
193 811
821 905
531 843
283 741
364 400
121 679
635 900
52 579
404 738
385 459
178 395
104 217
169 575
205 794
427 870
122 234
213 618
55 998
746 852
457 749
586 634
415 752
129 395
676 793
41 282
299 806
387 690
602 615
170 692
151 413
472 505
381 875
257 580
269 405
463 685
31 762
628 752
526 970
213 510
452 526
226 449
240 347
470 809
555 624
104 459
324 462
293 883
86 819
917 976
447 569
37 405
245 583
465 586
97 190
676 806
349 411
206 362
118 478
505 924
799 876
219 301
444 648
29 177
755 806
194 244
226 462
181 948
33 821
864 978
676 927
41 416
896 930
898 976
43 196
590 594
400 699
147 253
152 368
148 892
776 986
597 755
49 886
183 886
631 753
638 648
476 586
25 650
481 664
219 664
43 438
221 481
97 674
518 933
531 643
127 553
421 771
321 833
412 951
80 212
126 328
444 903
356 790
865 933
610 643
216 258
133 718
909 939
325 659
60 913
522 944
508 780
28 143
673 847
525 720
327 439
395 839
307 726
17 664
605 834
723 826
434 723
613 954
401 775
626 893
340 795
881 890
172 393
559 839
366 673
457 562
135 511
388 728
508 793
561 619
225 670
514 544
211 277
21 382
334 842
26 460
260 398
158 387
214 925
61 454
663 788
200 798
387 853
258 739
681 842
640 804
115 919
693 896
235 984
99 157
598 807
188 909
367 911
21 503
260 519
278 573
314 755
382 630
79 629
373 581
505 966
147 992
85 114
164 178
114 586
642 971
205 970
628 807
42 683
135 645
9 506
792 915
275 396
693 909
206 525
173 348
371 629
99 170
1 830
412 630
632 633
188 922
241 519
227 584
581 853
331 412
47 653
382 643
404 927
440 584
63 634
128 992
265 997
658 928
606 738
28 761
248 764
671 867
528 818
239 715
486 592
16 643
6 369
166 358
364 831
224 299
284 350
41 592
316 531
27 428
154 469
627 689
613 754
453 536
838 872
246 997
254 821
331 775
147 200
191 243
399 421
435 603
132 831
514 933
154 361
742 760
107 249
819 980
296 939
84 531
43 264
213 941
225 241
328 891
483 536
120 484
161 256
419 780
100 246
229 885
353 426
69 896
22 555
352 955
2 842
217 538
134 769
20 667
881 932
661 663
358 891
60 968
108 716
44 960
233 896
136 963
65 265
249 611
376 652
293 617
224 783
302 851
550 724
825 892
121 547
687 958
714 832
93 219
313 488
24 385
923 942
793 832
523 971
677 886
797 951
327 507
406 571
