1000
5000
64 807
7 273
270 912
292 671
89 571
140 802
420 856
57 804
456 513
169 456
386 979
274 509
265 918
302 985
299 687
660 666
30 233
274 859
389 617
952 959
676 795
546 685
141 636
175 220
199 348
4 109
229 456
220 636
225 751
151 536
202 767
130 985
586 999
215 534
637 937
98 134
516 647
152 599
253 947
5 845
643 873
285 899
76 725
153 945
782 887
152 491
94 257
717 879
175 596
10 263
409 534
629 766
534 943
362 422
331 843
430 822
270 604
22 502
531 645
388 596
145 609
122 854
615 723
27 967
416 779
206 969
233 843
698 879
1 456
72 336
218 390
163 491
25 786
376 720
648 913
301 546
581 600
149 448
98 631
395 854
178 331
651 780
656 895
496 677
505 847
469 924
890 954
792 796
0 567
60 352
219 345
424 750
52 878
289 296
478 986
32 411
393 619
579 809
491 925
424 871
138 514
129 694
671 748
91 173
201 570
692 807
24 119
669 823
259 925
326 686
340 355
32 653
794 976
30 314
158 994
221 525
634 694
437 823
368 989
924 941
349 710
238 879
750 761
777 864
221 646
4 648
152 546
384 825
56 959
86 313
36 492
3 315
297 533
99 548
522 651
508 716
166 952
240 901
7 141
366 488
511 842
254 957
183 259
601 772
408 606
325 837
7 33
113 954
434 780
547 657
170 441
469 966
271 493
501 955
408 727
193 573
559 896
235 691
109 323
790 913
301 493
196 965
602 835
41 273
827 953
739 840
684 904
785 956
441 917
274 740
614 845
3 691
468 727
160 345
206 461
574 628
725 797
353 925
301 735
177 928
347 622
88 627
330 389
393 445
348 702
554 807
194 464
507 695
326 391
586 759
537 574
184 981
841 985
789 795
607 818
202 998
53 646
309 343
221 459
93 947
387 936
183 877
766 932
444 652
213 756
1 82
754 814
377 598
127 423
113 525
558 875
35 834
618 926
439 695
263 469
42 995
251 351
734 993
411 488
361 896
629 647
249 776
411 609
276 650
694 897
434 714
599 781
24 321
171 196
641 899
700 725
82 383
207 792
362 437
821 951
135 623
83 204
360 741
676 718
695 731
411 972
15 972
459 720
123 276
105 902
241 497
503 911
300 848
186 975
794 831
904 962
31 579
22 988
199 392
503 803
281 461
60 462
220 451
299 744
239 464
786 862
788 908
158 741
213 448
589 964
206 408
68 703
265 988
172 760
163 977
457 929
102 701
157 408
317 397
776 911
561 986
899 981
931 970
664 855
296 459
67 636
232 932
306 881
222 244
345 580
625 863
243 532
368 978
41 583
393 742
302 358
82 880
539 567
62 642
667 981
507 763
493 865
11 532
899 994
38 177
213 932
282 537
82 183
221 527
190 948
694 710
844 920
285 956
80 258
184 352
636 890
101 317
97 612
11 545
518 763
303 838
323 672
271 482
345 956
730 767
303 959
339 616
17 602
270 782
751 826
118 913
167 546
714 944
819 997
318 715
445 490
254 959
612 667
255 366
78 733
174 441
429 667
373 506
615 793
193 804
95 269
204 441
70 212
44 159
193 925
749 914
716 737
265 801
707 917
123 573
288 906
274 742
477 576
100 626
399 922
92 213
412 568
114 645
236 342
62 226
295 922
33 693
674 689
467 625
541 574
623 872
62 347
375 807
213 745
47 941
432 523
308 753
583 692
882 988
627 735
623 993
230 281
0 758
368 925
159 751
255 984
544 592
139 543
160 831
145 708
319 366
103 482
222 433
722 985
422 464
188 297
97 667
207 539
177 367
891 942
223 254
465 955
45 369
41 893
98 609
626 765
414 882
840 990
50 834
485 762
55 683
256 673
278 432
252 968
508 665
167 601
635 706
84 832
93 157
82 264
708 955
26 332
435 796
28 149
487 663
505 717
276 894
153 265
737 959
770 907
27 45
491 674
47 633
285 690
380 964
39 176
121 969
589 845
938 962
179 681
473 633
472 674
329 625
672 964
438 797
457 810
584 851
565 572
51 536
357 808
2 351
172 762
39 647
32 644
734 916
217 397
309 400
933 981
148 711
743 857
440 590
319 529
252 539
692 811
733 812
884 981
166 472
187 531
140 190
764 808
796 989
161 249
298 483
363 878
0 826
178 832
398 835
84 645
198 252
376 524
97 843
64 666
69 781
108 709
742 766
635 640
351 881
497 706
851 938
109 301
35 86
202 263
515 723
182 550
25 832
195 489
271 484
212 843
606 999
108 722
481 967
654 895
67 317
3 790
586 616
350 376
635 774
192 204
101 574
744 909
109 435
436 564
536 916
589 779
404 962
598 747
227 282
143 288
239 521
216 803
202 868
466 914
37 508
146 451
132 516
516 627
237 983
493 909
198 991
242 280
114 997
144 876
479 866
364 650
102 879
479 637
162 930
331 473
327 997
817 861
335 592
558 866
153 817
130 870
446 581
294 712
62 820
29 414
488 699
858 875
421 874
539 866
379 648
230 296
91 366
192 943
44 779
462 538
300 476
298 551
96 831
289 731
256 783
209 708
154 772
335 847
481 901
392 829
230 767
309 831
703 721
128 261
58 431
14 95
52 387
731 941
763 893
197 216
260 501
130 428
355 546
83 87
248 383
693 770
156 565
491 555
596 608
675 901
67 493
7 213
91 850
22 979
600 727
163 726
94 855
198 683
25 203
293 691
361 566
162 622
547 958
258 855
637 851
131 225
394 864
862 969
93 643
89 874
861 865
152 176
267 917
253 982
850 972
467 682
549 751
48 469
125 689
345 463
597 913
574 929
574 700
197 942
68 828
491 931
477 767
945 993
571 752
461 880
15 534
92 754
456 950
462 701
137 941
104 764
747 870
57 652
326 813
754 994
205 523
532 652
96 536
85 606
52 429
406 432
455 819
293 491
578 660
113 826
393 880
319 894
351 883
18 673
427 612
191 372
158 424
705 822
228 897
37 134
457 491
608 660
649 661
409 945
221 894
601 886
26 389
526 712
594 846
93 335
675 956
218 451
80 746
112 964
514 715
412 438
238 322
293 746
180 317
204 674
512 561
121 905
390 800
197 634
71 266
568 843
15 105
359 440
69 341
373 752
159 500
87 920
30 349
223 929
405 677
363 451
201 618
196 274
132 518
154 277
38 102
375 919
34 397
359 682
4 225
674 922
385 819
442 801
48 645
483 573
829 981
307 347
9 690
124 411
248 706
561 937
272 282
7 765
141 994
838 922
153 819
222 424
549 819
119 188
229 585
46 878
182 473
729 871
140 476
847 863
414 981
87 586
413 527
537 822
187 709
209 468
66 419
764 986
418 992
847 876
236 951
74 135
106 612
226 943
601 820
735 820
888 998
230 769
772 823
188 772
535 587
81 151
466 487
71 897
291 900
60 213
192 369
309 954
612 726
529 957
749 960
130 659
20 33
828 960
635 831
14 218
189 973
304 731
49 441
496 901
183 441
78 913
64 978
31 572
177 626
506 801
607 624
135 750
570 678
556 780
69 167
528 681
10 984
681 960
841 912
458 622
37 565
135 871
64 173
98 989
270 278
643 789
52 55
141 578
227 581
103 286
465 638
205 270
905 910
440 581
445 925
679 863
35 532
76 533
582 930
246 981
576 627
815 872
147 184
300 399
632 872
114 946
24 235
392 402
101 189
395 407
345 815
245 877
190 941
446 638
740 819
110 423
764 920
884 985
15 307
268 487
204 997
68 133
89 192
435 600
291 821
851 929
381 485
124 829
532 654
19 25
694 837
39 88
613 885
594 606
78 726
231 968
380 539
466 542
366 375
9 74
221 896
207 732
448 794
401 719
117 960
225 722
813 892
128 789
67 550
719 964
397 950
314 915
93 458
43 866
285 628
320 622
361 623
232 509
359 550
414 486
470 795
303 389
167 794
676 900
338 612
338 383
917 962
166 276
157 456
358 446
338 733
233 451
183 859
59 271
19 872
159 623
300 333
122 475
142 161
97 647
570 867
556 969
301 864
722 857
345 641
133 233
31 185
349 760
305 690
39 719
91 357
523 768
335 717
775 989
539 978
634 986
455 755
41 886
335 838
803 943
448 715
258 362
538 645
455 647
152 838
331 840
64 496
116 134
93 379
681 815
4 832
59 539
193 731
672 702
218 266
85 676
304 720
82 607
70 489
262 430
470 608
709 890
0 201
24 558
459 715
406 623
533 664
385 500
832 960
513 951
423 913
255 548
554 844
619 973
487 790
294 624
247 549
137 677
16 387
141 567
405 613
27 401
354 567
794 839
665 917
477 637
581 960
176 911
410 812
99 169
477 758
236 403
232 927
650 686
829 917
680 794
133 167
47 881
336 755
440 583
154 226
398 815
414 567
567 809
28 989
312 519
405 747
252 653
452 943
221 522
713 984
446 869
861 882
325 350
757 761
270 414
242 581
168 366
866 933
623 946
202 364
23 658
845 995
126 490
117 936
323 775
823 869
21 181
26 30
110 667
430 645
27 898
311 428
75 417
223 315
33 191
131 726
365 664
286 371
65 143
464 643
137 248
474 836
177 549
108 715
318 939
413 947
339 732
278 493
219 852
263 895
450 721
7 380
628 727
128 562
255 603
628 848
366 619
727 827
572 724
80 750
369 624
505 670
293 979
394 802
81 342
755 781
28 452
597 609
146 444
274 858
716 974
153 568
361 517
667 789
39 466
553 687
314 930
129 625
713 797
841 982
679 920
720 921
150 576
26 998
585 733
521 977
294 705
108 286
192 694
267 279
477 826
376 451
101 246
6 652
9 694
826 916
817 867
168 192
618 923
747 808
217 579
346 464
824 991
82 125
469 534
548 827
501 752
312 587
353 359
370 942
39 842
395 477
216 246
969 978
339 545
430 929
27 724
314 488
107 195
272 528
78 891
721 997
504 770
8 603
478 717
478 488
513 711
721 889
173 791
506 671
189 735
703 956
661 959
42 429
121 722
723 827
98 738
915 997
478 730
206 271
285 335
153 381
237 789
556 771
182 974
70 504
181 749
167 851
275 384
151 577
82 743
899 965
197 464
752 952
164 287
442 497
61 805
582 921
9 507
47 762
299 983
192 857
99 400
121 159
109 859
618 965
7 582
653 693
685 911
270 403
110 185
132 698
393 739
236 755
801 978
105 457
657 704
830 861
42 108
401 455
63 167
548 882
367 578
3 301
25 585
267 347
112 473
107 129
184 349
166 938
290 479
648 712
223 425
25 706
332 597
169 310
69 897
108 717
228 782
23 84
79 430
24 494
505 538
587 836
608 895
142 836
118 213
526 718
672 772
691 785
212 262
368 775
148 506
915 944
579 958
109 780
287 557
792 958
131 983
547 898
343 839
255 726
521 845
268 399
359 554
369 976
437 622
225 968
266 740
82 919
425 504
236 339
29 275
361 748
87 216
166 509
672 906
446 563
270 337
308 629
674 686
200 278
12 981
460 848
446 684
51 828
636 700
111 815
205 221
316 466
44 532
393 686
599 754
43 536
347 984
455 746
92 694
262 876
784 921
121 348
286 415
153 825
101 369
689 805
465 831
265 477
31 310
891 939
335 950
173 888
80 431
30 839
833 934
444 893
83 887
177 485
627 987
714 875
304 711
730 819
504 772
263 831
827 873
464 821
265 611
688 714
322 593
313 544
104 141
45 958
366 784
853 902
586 787
457 902
264 507
248 499
695 959
547 832
445 784
175 960
385 504
1 807
18 976
707 969
655 779
151 458
122 400
246 732
53 566
466 964
6 225
148 574
8 271
794 951
466 856
17 212
294 749
239 813
476 497
252 523
683 975
444 464
122 413
667 738
460 674
38 163
103 292
175 397
264 883
42 807
312 631
732 988
83 579
630 977
845 865
44 816
159 803
486 932
353 524
391 816
31 244
256 362
242 464
571 868
165 180
504 585
113 700
824 940
161 596
147 432
102 955
298 601
833 881
179 357
590 894
524 769
156 373
629 822
142 475
749 887
64 784
446 886
205 531
246 303
531 930
108 598
107 602
277 784
10 669
684 879
288 650
119 841
457 607
302 733
355 596
392 892
189 792
266 487
133 897
188 604
380 774
834 944
853 957
253 440
123 330
174 790
35 217
105 956
241 322
179 612
748 769
257 680
7 505
806 895
50 94
486 624
488 670
341 916
79 916
771 914
259 739
400 449
762 801
421 508
475 973
733 743
442 796
56 760
193 240
107 991
349 753
780 976
40 937
63 103
326 742
157 704
413 630
302 533
228 355
104 814
250 868
93 130
110 713
349 995
541 936
104 935
340 882
185 779
18 602
702 746
14 897
399 479
242 761
182 481
352 892
5 30
193 724
399 829
96 828
523 895
256 780
435 782
369 428
140 605
860 931
5 151
285 434
207 780
350 536
33 600
118 149
159 187
49 315
21 253
135 732
61 554
200 898
71 195
656 885
463 719
493 598
212 319
181 740
528 555
473 619
321 491
178 442
338 431
307 852
35 393
458 496
554 729
42 783
487 904
261 332
642 963
149 801
281 691
8 44
285 810
375 969
120 450
685 902
267 914
778 864
55 469
275 738
8 394
646 910
49 691
434 502
664 964
128 166
542 974
150 635
549 869
361 818
175 399
502 757
273 705
975 977
419 759
205 507
470 990
845 867
849 986
585 913
194 762
189 418
161 356
504 695
531 569
443 456
19 128
365 536
497 921
428 821
671 993
228 652
668 924
387 416
235 776
562 942
21 66
45 423
174 308
75 531
93 319
510 644
520 773
148 376
425 950
431 435
702 935
545 722
561 666
354 373
384 481
119 964
675 953
213 370
677 999
551 594
87 904
91 794
718 892
231 508
181 916
644 677
414 602
268 282
185 284
234 671
910 954
65 862
109 676
48 400
1 59
358 562
105 153
148 752
225 972
459 910
539 610
458 914
461 690
92 335
124 516
12 46
143 529
201 736
127 521
150 919
434 449
391 752
659 917
98 126
125 983
395 578
1 193
653 873
565 989
418 976
594 643
62 819
84 578
675 753
279 524
75 465
321 935
489 748
346 699
731 806
409 755
684 694
513 812
74 132
10 376
851 992
73 661
99 835
181 608
98 610
46 420
693 756
290 780
422 936
601 938
559 941
619 955
913 944
79 489
698 992
338 420
104 253
422 828
293 906
40 497
329 371
572 772
176 543
88 659
83 315
308 662
327 675
5 395
607 729
76 275
364 678
572 893
938 950
41 210
335 391
118 393
670 906
209 962
369 914
410 686
0 788
196 205
403 912
106 167
878 912
148 807
192 850
137 914
385 750
407 509
398 689
747 843
21 739
527 574
153 629
232 922
273 694
218 758
465 864
294 753
445 922
390 986
258 278
898 904
516 573
281 935
399 402
622 676
318 450
53 933
755 976
428 581
452 938
155 163
77 243
434 746
664 979
750 982
390 410
221 638
648 705
133 525
518 861
536 649
52 536
496 698
206 895
482 655
224 656
127 723
214 611
635 641
800 937
491 596
100 482
721 829
677 988
586 604
245 311
827 932
118 206
7 146
688 773
391 486
644 666
520 896
360 678
390 786
156 619
785 827
306 792
259 488
451 658
167 899
28 326
48 389
306 684
586 967
378 560
61 624
778 908
335 338
305 432
98 102
70 794
87 209
317 671
181 810
19 748
14 404
225 853
94 104
236 453
447 902
157 574
31 169
243 348
487 974
209 212
300 330
55 418
497 736
442 800
111 700
410 996
138 574
242 631
844 965
159 862
209 225
117 636
147 249
100 403
388 806
481 768
118 716
346 580
256 542
30 953
589 688
847 983
258 588
645 768
464 693
80 437
890 922
22 617
302 900
102 317
203 894
610 760
224 953
81 379
193 620
67 481
531 881
517 946
345 425
135 615
4 132
313 887
13 137
651 882
276 776
57 143
734 772
178 325
408 787
296 317
87 143
190 564
46 785
390 854
370 387
11 161
117 557
741 909
488 500
185 462
412 855
577 922
131 347
301 795
203 223
152 406
162 865
418 791
27 640
159 567
627 672
238 860
222 586
903 984
273 817
21 44
298 352
251 506
339 353
531 560
500 981
168 242
118 650
428 812
810 914
216 404
451 981
3 296
421 809
283 579
195 466
351 750
604 930
95 235
707 762
158 291
449 763
316 648
346 527
837 993
119 484
284 817
141 243
242 820
8 653
696 761
566 651
337 828
65 369
376 756
95 248
399 888
168 726
121 651
580 936
635 643
41 133
343 700
21 420
936 985
196 946
869 931
387 662
146 307
197 272
7 377
466 662
116 549
487 721
478 901
197 622
77 742
374 965
257 794
618 773
208 380
22 927
80 868
243 337
69 221
583 671
145 445
326 493
616 969
27 574
132 627
348 925
424 920
162 920
55 528
108 391
99 571
557 631
419 697
28 812
597 969
622 733
412 923
150 923
117 517
37 982
543 625
97 767
138 576
177 238
715 816
173 533
136 880
258 348
629 749
312 813
252 947
296 990
170 585
373 419
279 757
274 413
138 818
124 883
536 827
434 816
103 716
362 647
40 367
377 955
86 254
77 434
429 593
697 758
647 937
17 770
373 553
375 599
20 142
809 827
60 443
321 484
315 440
232 671
133 140
79 843
156 797
665 674
783 895
141 674
584 951
498 682
484 784
561 967
308 558
132 561
636 737
429 969
308 908
335 516
104 620
398 572
384 674
306 983
345 682
55 583
220 916
261 688
200 449
570 921
88 918
745 922
564 847
16 749
107 113
444 701
824 922
70 985
331 760
275 865
113 803
536 640
101 419
288 511
116 175
648 938
413 583
292 522
42 118
253 301
137 355
469 828
689 868
812 938
72 374
508 941
621 818
524 656
394 546
58 368
402 895
88 476
635 874
184 938
610 817
431 549
176 710
78 138
795 947
24 841
225 602
192 425
35 441
752 762
802 879
175 192
443 946
212 259
556 823
52 795
5 683
699 727
465 560
166 385
773 834
616 850
217 323
79 93
320 973
488 557
359 672
727 839
50 331
734 963
285 871
632 686
291 393
134 675
650 969
282 573
307 337
947 963
298 517
143 643
248 696
397 496
222 643
680 969
220 984
354 984
145 810
49 873
51 128
235 474
64 592
163 342
168 420
164 944
19 68
356 885
199 938
274 294
67 230
399 703
572 631
696 697
66 530
723 800
214 428
79 469
413 759
191 417
140 829
140 600
355 525
63 353
390 482
529 826
688 819
614 641
839 988
484 760
520 942
107 544
206 257
82 487
161 780
290 665
59 998
238 246
260 493
171 421
429 945
88 652
28 372
401 883
635 821
13 249
233 252
307 955
348 727
716 894
139 324
556 649
776 881
36 88
191 901
363 604
561 848
725 956
425 435
553 849
437 674
330 548
13 383
720 733
178 450
90 566
871 902
141 797
246 850
308 910
683 972
122 410
254 566
726 790
798 895
255 912
184 443
507 867
128 282
270 402
385 877
121 279
431 993
241 869
623 934
103 639
115 464
10 182
276 338
455 569
465 991
339 357
462 693
90 821
534 983
157 996
485 798
346 639
599 819
327 360
505 632
180 872
1 604
161 593
455 811
909 981
797 925
115 598
343 462
482 769
707 887
853 941
295 650
770 943
654 997
131 956
814 986
276 822
744 890
413 827
416 832
143 148
119 730
936 989
281 728
242 248
113 134
393 417
463 890
686 898
479 605
685 710
602 941
119 972
120 379
194 328
59 140
102 739
14 626
74 677
113 376
7 623
843 895
643 955
720 909
197 639
310 516
359 674
331 575
451 906
229 793
379 508
318 498
414 731
636 807
455 732
529 681
28 924
165 929
541 691
530 798
617 686
157 930
298 640
215 642
159 976
338 978
425 866
34 981
139 997
20 817
323 589
823 912
666 928
127 650
186 705
43 656
208 989
249 761
441 702
312 817
201 986
228 823
380 813
300 820
107 425
146 353
67 474
176 646
832 950
104 248
62 251
394 724
273 434
649 721
616 773
148 439
93 503
71 192
155 829
417 600
114 791
205 946
67 487
56 328
391 547
41 434
160 385
258 957
132 323
595 727
144 791
106 270
42 551
126 922
124 324
473 737
519 853
505 955
128 968
482 971
141 678
444 450
34 552
199 619
479 902
0 904
644 740
285 807
44 452
766 851
530 840
750 843
727 896
336 745
826 838
127 571
775 792
83 915
152 520
845 972
363 969
836 923
11 517
33 47
249 574
101 181
96 746
393 740
742 857
365 641
337 579
610 674
49 112
680 918
45 407
578 641
22 652
204 400
443 682
517 631
420 698
263 980
189 536
271 346
349 939
467 931
38 754
234 400
266 352
216 531
205 867
64 891
717 934
818 986
267 819
88 588
33 652
649 884
179 706
234 413
480 590
158 539
39 322
732 774
66 950
190 491
80 619
800 945
758 948
1 740
183 488
170 899
290 964
663 953
97 276
125 725
259 725
586 854
152 333
212 384
148 857
583 785
239 975
49 622
431 687
291 384
783 846
232 972
263 322
328 451
166 618
484 964
119 277
412 795
409 497
502 688
367 500
396 972
592 618
692 970
337 742
392 449
251 446
430 677
385 934
52 236
403 988
460 970
408 514
55 884
256 416
300 688
356 997
538 745
142 516
97 773
50 927
517 578
126 656
2 886
610 742
64 717
941 990
289 835
311 594
154 647
140 712
214 661
673 946
152 951
697 751
169 366
394 713
416 997
350 643
457 540
603 823
561 597
63 357
472 525
125 417
112 892
445 772
137 656
679 710
250 304
172 384
405 592
284 302
189 967
13 482
183 664
208 428
89 736
533 898
491 901
713 950
372 428
690 737
289 393
426 664
885 949
637 847
752 834
141 909
43 337
521 901
340 560
20 390
220 680
555 899
272 318
227 804
516 678
229 621
546 971
664 963
227 696
189 404
722 904
100 103
666 743
243 640
476 848
723 725
34 917
419 987
283 574
159 804
164 882
580 797
38 514
98 528
967 977
277 759
307 638
367 689
441 638
21 52
633 808
145 990
717 923
400 987
529 872
325 813
383 754
305 871
198 708
510 980
381 829
134 171
210 718
545 937
107 711
253 536
161 718
422 759
378 652
111 308
264 550
176 703
262 477
786 891
266 367
1 850
422 880
563 590
174 778
141 372
148 496
201 359
373 843
128 783
164 440
59 949
458 658
76 327
301 711
977 994
834 945
639 706
552 966
752 997
76 219
378 786
484 953
224 319
64 101
99 324
530 776
39 687
59 144
64 222
748 891
463 907
229 676
745 970
657 857
256 513
384 735
492 497
460 730
152 577
174 336
243 466
539 730
599 744
422 559
30 708
360 583
310 991
613 800
444 991
805 970
152 819
237 405
5 247
523 883
591 758
203 878
640 650
362 642
837 935
23 947
573 596
452 535
696 932
415 653
308 527
827 863
772 927
152 953
18 724
760 809
682 889
50 124
181 607
781 868
203 891
44 80
147 730
670 771
35 260
494 774
438 879
718 933
162 486
156 900
188 889
119 789
67 599
361 551
655 890
306 736
498 906
229 489
321 721
32 618
660 712
384 777
232 908
548 619
171 669
537 726
215 446
275 497
789 947
25 322
172 978
590 737
268 457
226 726
473 862
729 788
495 621
178 685
305 497
131 573
52 280
659 729
535 959
188 326
605 614
627 898
197 819
5 60
83 919
237 339
173 583
214 355
318 678
538 681
4 747
143 825
611 930
738 971
3 522
44 819
195 463
268 941
142 573
606 973
688 746
545 697
512 520
0 345
76 892
268 833
188 581
480 689
232 358
435 946
572 692
663 810
65 366
427 947
600 875
591 826
525 997
454 528
280 641
577 598
254 359
695 775
142 828
136 259
922 939
287 428
363 652
520 895
420 957
459 885
211 783
187 197
357 837
431 786
655 716
196 367
743 765
100 844
549 670
111 673
364 624
367 370
14 740
831 999
468 947
456 856
343 952
535 893
125 729
190 858
400 439
364 745
212 388
121 206
115 391
768 956
604 969
81 928
222 638
59 388
312 568
193 351
69 810
36 404
349 864
365 808
136 985
833 913
263 797
258 453
249 633
106 584
128 343
446 918
410 995
42 276
254 869
923 964
548 821
77 647
27 826
99 702
93 362
82 469
116 238
93 483
387 701
313 523
483 934
445 642
376 808
271 526
675 875
45 708
572 868
93 604
248 249
133 942
471 937
262 534
181 609
248 370
387 943
841 884
354 537
445 655
753 771
109 706
436 835
353 837
218 612
433 537
78 80
262 426
79 719
855 940
113 303
16 370
91 958
414 416
512 722
36 204
885 940
69 502
169 854
7 792
497 656
750 836
208 553
460 666
45 158
762 967
622 664
116 977
14 929
569 922
624 629
184 559
203 572
172 993
189 408
842 973
191 454
578 863
504 685
701 970
640 694
146 159
612 632
23 762
69 878
143 827
399 753
265 524
237 462
362 578
26 363
67 401
232 239
691 753
200 930
102 358
112 817
411 884
100 699
559 755
506 828
492 930
115 943
150 183
12 707
306 430
567 700
144 368
181 664
139 374
195 720
167 887
547 879
280 764
8 76
868 934
257 551
530 646
191 951
158 774
328 431
437 603
690 783
533 836
780 942
329 777
151 626
460 829
345 613
570 960
231 511
382 909
41 616
349 503
242 377
321 670
590 794
230 259
713 901
138 670
83 734
513 547
99 449
181 222
90 629
37 739
113 734
569 748
25 621
218 935
174 340
413 622
36 635
330 853
559 676
726 853
60 992
617 802
675 743
620 807
45 347
91 692
339 528
187 925
85 648
341 345
342 984
309 807
400 925
224 928
603 695
49 294
867 926
57 828
79 587
160 246
693 746
63 350
235 834
142 643
441 939
155 582
67 469
361 421
540 652
256 893
853 883
36 72
695 940
68 549
730 934
463 819
70 595
792 994
231 432
178 542
813 824
758 888
403 660
355 885
706 819
398 437
81 730
810 876
461 493
309 365
229 372
783 894
394 853
815 846
264 743
322 950
129 784
41 671
173 332
411 618
631 658
529 610
303 792
17 206
298 569
638 903
700 734
571 620
268 811
15 402
139 697
101 176
432 690
471 618
28 48
401 559
459 500
601 620
124 695
22 647
404 685
175 862
703 752
293 588
124 816
72 360
204 287
214 709
560 565
123 298
68 362
402 652
369 475
379 934
293 601
535 629
432 945
848 860
793 924
226 288
492 932
115 945
524 884
513 991
199 306
75 765
693 814
145 191
752 869
255 588
370 538
282 425
658 712
247 589
27 320
25 247
112 135
544 546
89 676
424 895
484 946
556 822
107 730
63 660
25 368
442 656
312 546
118 680
444 621
31 977
741 844
842 896
367 374
384 957
319 333
107 154
186 447
184 374
221 441
37 620
721 727
187 564
398 747
365 570
198 393
225 267
340 742
708 909
111 690
501 616
525 909
57 575
0 41
731 785
390 455
101 352
6 758
629 737
257 340
212 863
702 727
849 925
52 352
43 532
337 750
846 856
343 501
49 54
293 643
55 771
526 622
149 635
218 240
517 802
318 858
165 350
511 758
435 884
79 697
165 471
247 281
224 822
380 581
172 366
102 307
210 779
135 605
300 938
874 944
239 433
151 320
697 759
7 312
212 421
157 256
627 636
40 610
117 305
133 249
410 786
289 496
40 731
141 783
39 506
746 893
451 945
281 793
140 265
725 955
217 256
48 447
166 668
878 904
36 329
509 778
508 553
632 848
315 912
116 968
23 511
551 896
253 973
233 735
411 512
273 807
49 96
367 442
680 902
231 810
430 727
504 676
289 751
631 902
538 674
323 520
303 807
232 338
223 289
393 966
233 977
478 515
65 117
323 641
271 451
268 934
529 746
21 47
241 279
228 754
360 644
2 936
307 754
174 639
913 978
66 584
33 407
888 921
268 947
175 756
450 695
582 585
91 762
39 306
308 467
684 983
381 945
260 426
86 539
204 760
916 996
1 845
598 835
482 889
3 891
600 881
111 424
718 873
663 937
162 655
405 763
429 891
333 365
35 671
199 779
526 945
424 897
419 553
905 941
617 659
776 948
374 379
95 735
678 790
433 959
502 564
345 846
405 897
275 787
19 43
29 502
15 338
171 851
639 956
102 980
36 626
784 785
495 682
24 279
37 972
548 922
146 915
204 331
411 809
48 757
249 747
82 341
271 277
292 565
261 986
159 975
164 824
202 527
128 349
325 863
17 518
237 521
89 357
137 519
238 342
326 980
499 871
72 309
405 455
165 473
146 231
582 761
20 240
811 998
162 589
712 992
137 532
381 892
16 242
193 841
64 956
194 248
70 707
139 312
144 427
436 949
582 774
400 474
28 602
138 245
22 33
771 831
315 551
292 833
1 95
430 474
382 726
354 664
371 833
10 36
180 713
254 433
330 657
392 488
139 567
199 618
133 264
336 852
300 377
257 973
323 509
666 848
303 796
110 630
149 329
283 329
35 981
508 676
365 627
277 514
208 680
73 226
620 624
47 991
196 562
106 753
870 920
343 437
496 679
188 334
391 922
416 686
113 914
750 976
478 517
276 797
758 800
441 635
480 563
728 813
6 828
348 528
241 402
64 769
573 646
380 517
737 754
492 923
10 654
519 531
147 659
100 813
721 931
633 818
163 640
591 821
28 415
828 993
445 703
62 184
72 606
575 934
322 525
868 927
692 701
86 891
282 308
341 888
239 840
662 714
233 537
352 488
85 144
287 773
498 956
345 485
207 255
69 550
10 909
49 608
577 727
26 853
172 907
534 542
284 367
354 840
132 727
11 208
52 209
167 196
112 260
766 784
241 670
141 732
856 943
1 163
102 969
652 884
3 209
743 773
393 660
458 789
764 832
423 502
15 448
738 779
41 622
70 91
13 789
316 561
297 319
53 861
413 615
94 569
61 163
448 572
179 384
428 859
245 923
265 572
418 851
779 793
624 690
228 690
33 451
239 290
645 749
740 986
190 290
319 929
268 883
309 921
513 916
716 750
895 981
204 346
10 709
266 406
54 523
158 351
281 650
368 575
296 406
246 814
157 476
778 823
173 191
505 701
320 884
246 706
58 884
158 593
18 963
466 830
672 935
23 489
162 604
459 827
445 892
352 435
577 782
21 601
217 247
755 825
347 771
690 844
349 551
650 893
15 382
873 938
421 777
445 905
546 957
136 564
282 618
0 905
113 553
541 963
577 916
139 919
501 554
363 849
233 739
49 918
189 632
37 800
298 804
110 524
261 922
453 863
728 802
93 291
24 457
222 701
243 989
158 164
204 509
30 881
9 41
225 568
607 633
505 622
278 579
443 683
220 345
211 296
54 578
360 769
473 646
11 63
436 764
480 807
375 525
779 874
85 951
239 600
371 756
123 654
725 759
600 993
180 407
311 890
157 423
102 487
97 143
186 895
93 667
215 364
230 938
44 482
338 700
813 993
447 643
166 364
630 993
124 367
556 815
542 880
616 829
60 611
338 592
219 375
259 713
240 434
162 780
831 875
657 722
62 549
15 208
144 847
326 595
23 557
583 894
509 716
63 895
126 160
120 611
78 614
131 396
138 557
182 334
863 961
696 784
701 899
636 918
37 855
78 627
59 385
446 794
501 730
325 504
798 953
435 635
816 970
714 959
19 168
409 848
156 173
97 761
402 579
429 682
20 928
44 53
610 730
348 464
416 864
397 622
364 408
434 918
332 641
491 634
670 865
45 813
765 873
415 531
362 641
77 657
171 521
195 878
575 870
112 880
454 580
299 706
1 783
716 994
86 827
339 778
163 818
209 934
121 821
465 594
418 519
494 773
788 991
1 86
460 637
42 649
143 435
616 884
69 257
533 886
495 594
324 483
398 432
378 948
309 360
586 897
61 783
261 319
780 884
172 735
581 940
378 840
759 946
47 740
215 553
110 271
674 838
168 212
352 558
7 789
502 731
14 684
344 559
803 844
352 908
164 857
126 336
318 543
20 849
39 862
689 715
240 623
298 564
740 909
270 502
419 975
754 965
647 839
251 610
168 346
71 908
304 621
63 266
166 687
501 906
600 619
471 505
75 505
902 957
492 793
304 513
40 403
292 624
295 629
112 693
266 342
288 626
183 344
298 819
75 747
245 404
355 572
234 511
225 691
21 403
806 858
147 892
13 296
753 823
725 990
109 529
428 474
144 486
878 939
679 995
352 371
334 997
329 653
394 782
171 710
9 419
809 997
85 377
118 325
296 597
158 892
562 716
278 957
23 438
43 272
347 949
534 775
665 965
107 149
112 264
562 958
196 608
798 942
724 727
849 907
107 270
38 436
544 796
423 506
105 611
421 847
140 339
327 394
620 912
207 514
212 858
260 340
418 963
52 347
285 289
111 927
94 694
369 404
797 851
14 176
387 458
422 681
348 466
265 697
559 915
779 918
724 982
317 335
423 990
87 812
785 854
296 397
532 933
806 913
322 571
93 482
406 942
417 579
238 348
403 415
341 934
83 181
166 300
391 418
841 883
530 698
117 300
348 721
856 868
468 759
225 772
527 548
348 842
31 906
595 719
80 209
525 596
678 838
7 670
84 365
245 956
138 601
652 822
303 668
14 565
476 596
112 319
375 958
501 545
335 741
180 840
137 204
345 907
331 972
138 614
31 451
757 851
657 913
80 343
425 792
497 668
156 338
111 861
185 810
147 289
293 343
784 846
214 464
703 857
614 785
779 852
471 507
388 738
159 915
217 856
538 911
367 800
114 354
413 916
788 793
300 975
429 631
48 939
385 524
285 357
802 849
62 285
719 814
886 991
387 755
444 471
628 817
210 829
848 857
727 796
894 973
402 999
677 975
795 930
225 814
27 75
105 934
260 542
471 991
908 992
649 997
776 809
588 758
885 981
348 776
117 355
623 715
282 422
359 642
253 889
151 612
219 258
466 889
655 825
317 766
83 599
28 663
704 946
105 129
186 202
342 715
639 938
644 787
652 877
124 492
266 841
541 780
79 197
15 212
56 967
303 615
3 323
302 390
117 610
585 715
282 906
82 323
326 720
622 718
167 323
342 849
215 744
177 452
118 811
736 860
689 785
260 342
418 965
490 804
154 626
135 347
52 578
1 532
449 924
89 581
322 560
560 617
496 861
155 339
311 586
322 452
387 810
189 825
376 917
450 866
29 55
397 976
366 643
503 877
649 931
281 535
291 994
24 879
16 237
26 659
100 645
790 826
581 689
350 756
166 181
97 310
115 889
123 713
637 705
172 605
342 528
15 133
248 600
253 944
560 872
118 490
530 700
497 523
79 949
583 711
528 775
215 315
500 942
734 880
407 485
178 662
563 998
871 885
131 321
268 326
400 482
553 724
231 673
124 547
234 944
294 958
148 675
595 842
245 729
118 853
263 719
411 617
9 839
336 968
316 501
295 378
287 968
59 552
842 961
39 48
154 560
448 741
272 781
217 845
310 807
277 630
49 214
6 810
339 461
96 740
3 512
438 440
388 848
267 558
43 813
304 625
105 910
647 964
289 990
58 569
29 807
529 864
202 469
633 921
447 502
158 399
22 767
378 402
457 695
453 990
709 916
112 697
332 929
888 918
201 217
887 922
17 810
232 698
792 806
27 185
257 647
436 649
618 626
370 524
661 996
260 652
12 587
350 811
374 939
489 926
220 472
109 641
150 642
494 940
424 881
239 835
22 83
472 585
716 945
609 819
172 552
236 429
4 537
78 486
18 206
138 537
625 655
646 714
305 650
287 781
474 607
298 381
757 895
338 948
48 620
39 800
340 728
636 790
647 656
531 710
599 615
881 944
747 900
84 556
631 954
63 204
6 865
532 682
812 965
946 965
803 916
115 515
629 965
147 467
661 917
270 803
13 918
233 921
346 798
65 290
416 978
765 866
144 290
825 917
800 860
698 849
32 234
367 978
380 917
163 919
397 857
264 476
317 339
327 761
201 393
239 648
915 968
117 170
296 401
595 697
347 632
89 596
630 920
181 599
178 301
64 953
447 691
345 414
267 989
407 474
393 576
290 892
868 869
463 820
208 301
466 825
161 189
534 700
658 766
215 425
734 761
203 307
73 197
602 992
776 879
41 430
877 931
421 651
475 887
507 839
414 648
430 592
96 487
643 885
319 495
571 716
115 207
68 95
13 839
164 742
409 546
328 850
529 611
509 898
397 428
383 493
508 673
747 955
750 960
301 316
541 971
640 684
32 47
837 969
18 637
339 463
39 171
492 907
559 853
158 509
3 635
11 755
46 224
101 648
123 407
496 689
205 742
281 471
371 630
91 990
438 805
880 921
331 413
231 246
73 828
195 939
503 826
244 831
808 873
426 579
549 649
133 182
699 822
50 413
468 926
330 467
767 993
206 431
192 533
32 544
66 128
274 831
783 937
617 645
176 939
456 727
291 367
185 614
748 993
225 952
321 660
35 791
403 958
87 429
68 150
565 956
317 891
680 714
94 324
287 904
142 486
45 553
119 273
380 543
504 838
105 375
349 735
8 442
393 778
33 206
15 566
82 327
518 894
641 964
42 147
654 674
934 957
103 800
106 805
334 669
314 690
365 921
923 956
6 759
105 967
661 919
261 985
262 392
420 978
401 736
855 906
268 880
642 798
394 467
61 523
162 575
723 908
286 870
561 809
478 811
519 583
105 980
619 935
471 808
39 360
162 696
294 586
148 303
151 537
612 932
285 537
706 796
34 403
58 760
139 419
600 814
299 822
343 865
255 752
458 586
568 983
236 244
903 936
669 769
551 750
456 890
789 807
67 822
72 900
287 596
139 432
28 830
170 950
202 902
150 712
549 717
521 884
273 782
130 999
1 94
206 728
775 885
370 836
136 669
139 674
324 841
166 669
9 951
647 713
12 202
149 436
455 664
782 793
482 501
756 777
314 395
107 331
103 855
227 921
194 973
906 950
376 721
271 439
285 337
59 785
381 570
735 839
532 739
944 949
302 691
209 500
214 578
33 503
492 559
92 854
54 562
147 524
494 568
110 871
380 503
157 165
181 522
360 753
101 758
104 275
821 855
153 167
121 629
742 976
795 802
148 237
357 576
274 578
595 633
37 342
363 512
15 997
610 914
216 758
395 989
254 461
116 756
42 578
295 758
575 812
13 291
755 864
199 646
69 536
308 818
10 895
247 579
290 949
35 659
512 998
493 756
116 769
685 926
984 993
8 418
473 777
159 358
208 479
144 723
518 641
373 960
674 888
9 885
45 313
437 837
99 549
747 999
521 952
400 891
77 157
16 672
231 974
22 342
195 270
318 835
680 958
633 846
471 784
677 889
204 211
393 901
874 908
557 743
505 553
325 622
724 856
429 679
109 445
251 794
402 926
589 789
317 330
396 623
55 64
749 926
40 466
427 875
196 979
828 926
602 620
44 63
702 972
246 692
262 407
459 921
841 986
285 539
324 467
375 698
92 346
9 348
759 809
412 701
2 308
115 185
53 539
294 601
660 924
38 123
208 534
488 588
243 491
248 835
418 529
528 889
481 548
44 547
123 840
85 319
286 309
86 958
845 946
127 666
236 838
599 661
192 953
733 782
750 951
31 446
191 435
666 728
578 844
366 436
517 605
448 734
352 797
11 504
571 841
612 613
235 626
372 897
215 913
210 569
113 902
278 444
209 610
599 795
615 739
158 500
89 400
206 985
544 980
7 223
215 926
746 791
765 804
135 408
406 642
276 798
380 855
273 463
346 978
327 699
258 865
32 293
376 857
235 881
33 639
850 861
244 822
341 876
110 189
327 712
767 984
403 707
62 414
315 594
498 944
424 766
603 997
261 479
202 838
296 702
623 831
553 772
606 635
652 751
273 839
279 361
45 194
60 731
25 481
420 485
117 484
309 654
161 490
735 762
754 775
393 998
385 908
775 834
250 720
26 975
323 444
376 536
100 372
100 143
256 619
42 138
453 904
351 893
392 665
115 387
502 796
395 670
18 454
481 858
687 963
860 891
166 968
329 437
114 283
81 106
246 439
213 262
42 380
332 627
340 976
162 337
354 507
51 469
82 573
211 458
255 501
427 985
2 55
513 796
354 399
463 571
774 921
256 995
154 984
463 692
790 821
433 520
584 689
97 305
214 890
69 472
697 980
554 931
130 869
326 515
61 769
743 803
170 941
463 934
103 362
507 711
317 816
47 726
214 314
38 354
274 890
29 534
414 870
171 883
787 886
23 490
891 943
163 241
118 498
954 999
453 488
194 722
309 480
340 547
18 496
4 369
162 955
45 141
611 781
456 907
118 848
636 730
933 953
160 966
275 953
624 841
342 899
87 609
763 892
422 599
265 386
242 897
589 712
580 892
291 789
225 435
143 810
146 263
559 846
325 679
237 795
163 617
591 798
300 851
374 800
478 857
205 964
389 556
67 505
760 957
663 795
189 875
26 359
199 516
267 687
178 349
293 824
760 970
787 807
231 360
597 683
616 696
104 521
183 814
338 459
353 996
669 707
433 696
199 529
168 950
195 824
33 991
410 712
148 712
574 820
390 999
627 683
30 427
389 811
409 460
312 527
157 424
22 199
32 658
118 661
68 840
351 640
158 999
378 773
850 997
65 956
238 884
384 938
580 584
236 545
125 943
212 602
105 476
726 823
110 325
56 964
353 433
831 997
163 309
333 720
244 382
326 946
383 433
356 973
67 89
278 501
93 455
23 921
105 731
0 385
19 398
354 388
299 452
610 839
155 444
218 463
550 973
424 568
214 758
492 739
662 746
239 414
725 802
264 592
451 684
83 288
93 710
5 597
266 409
491 756
141 643
586 764
658 869
78 294
133 230
317 576
468 745
454 810
46 756
560 977
711 880
320 995
144 769
278 998
102 772
212 415
355 989
107 887
298 418
132 651
321 587
843 928
262 882
561 949
574 888
315 893
82 133
171 885
426 882
544 608
578 606
817 888
154 544
310 791
750 834
15 614
39 971
557 668
268 565
510 593
6 565
71 667
492 660
340 791
23 855
320 324
619 620
421 901
168 455
830 840
239 335
230 781
533 553
68 224
102 222
580 786
478 738
362 792
224 858
186 751
492 794
560 669
87 974
390 517
818 964
256 931
575 913
640 813
552 929
832 983
49 345
144 582
1 8
663 918
85 941
329 520
380 980
834 921
456 709
398 475
208 580
535 746
204 875
92 405
42 813
273 830
686 999
130 818
279 352
212 362
399 417
210 252
80 142
324 768
186 309
106 316
23 547
102 840
330 704
662 948
51 794
398 838
365 432
838 881
7 724
601 645
671 889
440 956
729 830
453 895
145 779
414 940
210 386
127 846
509 948
715 787
263 663
1 626
499 610
265 443
786 788
593 659
82 443
343 484
12 384
306 336
869 944
332 739
404 615
504 967
96 913
146 212
656 957
204 567
391 393
635 790
203 867
113 156
155 796
711 748
549 686
286 986
7 524
237 986
526 860
567 632
382 815
528 640
266 640
546 694
16 465
544 584
342 635
551 745
165 938
454 583
404 991
104 470
120 414
353 356
88 876
518 689
148 661
789 923
145 363
103 366
268 662
326 761
190 900
441 482
633 652
163 245
49 897
145 605
360 493
90 669
434 479
810 995
534 831
212 780
17 312
256 557
53 908
82 377
105 546
573 614
121 490
397 546
9 141
429 498
14 219
514 542
712 786
276 899
617 963
365 863
313 673
587 912
427 694
573 748
262 563
308 450
579 913
178 340
324 394
21 622
45 979
691 861
185 235
589 850
332 928
426 563
12 694
122 300
364 587
69 181
468 681
127 351
70 756
322 748
129 582
145 297
396 818
425 472
898 921
34 587
534 644
410 837
26 847
290 368
9 880
358 539
91 424
349 948
355 470
131 496
900 943
430 536
130 244
555 945
641 948
261 727
435 614
80 386
121 195
305 770
814 876
273 966
13 783
923 940
422 658
95 263
45 671
347 484
366 497
56 271
360 453
280 430
656 717
306 567
163 784
66 622
88 381
244 628
202 631
30 110
427 978
193 811
121 679
52 579
404 738
205 794
122 234
213 618
129 395
676 793
41 282
299 806
170 692
151 413
472 505
381 875
463 685
31 762
628 752
526 970
452 526
470 809
555 624
104 459
293 883
86 819
465 586
206 362
799 876
181 948
676 927
41 416
898 976
43 196
590 594
400 699
147 253
631 753
638 648
25 650
481 664
219 664
43 438
518 933
321 833
412 951
80 212
216 258
909 939
325 659
60 913
522 944
508 780
673 847
17 664
605 834
723 826
434 723
613 954
401 775
881 890
172 393
508 793
561 619
225 670
514 544
211 277
21 382
26 460
158 387
61 454
663 788
387 853
258 739
681 842
235 984
99 157
598 807
260 519
314 755
382 630
505 966
147 992
164 178
114 586
642 971
628 807
135 645
9 506
792 915
206 525
173 348
371 629
99 170
1 830
241 519
581 853
382 643
658 928
606 738
248 764
671 867
486 592
6 369
166 358
364 831
27 428
154 469
627 689
613 754
254 821
331 775
399 421
435 603
132 831
154 361
742 760
107 249
819 980
296 939
43 264
483 536
161 256
419 780
100 246
229 885
22 555
352 955
2 842
217 538
134 769
881 932
661 663
60 968
233 896
65 265
293 617
302 851
550 724
121 547
687 958
93 219
24 385
923 942
793 832
797 951
406 571
