500
5000
123 219
35 106
259 265
89 342
9 319
295 447
308 386
74 219
338 494
197 289
324 330
34 268
180 322
424 453
0 391
41 163
53 402
139 176
51 477
393 443
25 47
104 340
90 405
39 359
111 464
78 287
187 459
127 179
25 397
379 400
2 184
81 477
122 478
208 289
221 228
96 462
113 402
71 405
52 126
217 459
48 421
36 303
318 403
340 421
240 483
400 472
40 129
399 476
314 368
118 493
267 293
71 418
258 473
18 491
147 376
224 367
94 486
127 434
88 183
52 260
38 362
211 253
1 443
123 140
422 473
274 309
133 370
42 188
295 368
46 78
230 424
189 386
238 248
348 379
408 430
394 495
177 268
368 479
60 97
13 22
128 497
264 277
121 494
107 330
79 497
63 260
123 274
68 338
348 392
218 282
259 320
42 322
60 339
255 322
342 439
361 452
245 277
231 342
201 207
46 333
39 293
171 449
136 347
222 350
342 452
317 395
50 51
200 224
30 301
173 242
352 473
66 116
258 286
147 189
367 458
45 178
105 229
143 484
256 361
200 237
291 355
203 471
203 242
230 345
115 129
1 256
106 309
133 183
413 466
64 312
3 73
195 243
0 4
198 248
277 312
318 350
101 315
1 148
18 317
4 419
86 192
242 476
68 259
54 361
288 299
256 495
107 372
181 321
140 320
286 374
167 423
10 210
408 485
193 331
80 390
360 444
79 431
63 423
128 323
260 442
70 318
89 331
457 498
170 441
329 434
218 337
341 444
206 219
252 335
16 95
378 447
199 216
317 437
176 498
102 283
47 347
472 496
20 335
39 348
345 391
229 445
206 461
153 342
227 291
419 461
231 410
69 348
41 286
333 394
393 445
412 458
200 279
268 413
127 410
71 286
365 467
38 109
57 351
136 415
15 354
105 284
108 289
228 354
99 469
33 115
90 420
57 472
222 310
205 343
228 475
98 136
10 23
189 254
249 305
94 367
116 126
135 139
434 472
15 488
205 356
270 485
182 372
19 85
101 383
1 445
279 426
380 478
53 83
3 262
61 203
314 383
214 445
341 486
167 370
32 145
51 158
54 429
49 85
7 88
86 381
39 40
209 488
264 387
220 317
387 494
65 214
202 448
274 324
34 83
273 328
259 430
383 496
171 317
308 322
79 499
239 451
51 400
271 440
389 432
241 268
180 258
56 451
42 324
451 492
13 37
361 454
405 497
104 276
254 449
28 402
201 330
132 459
219 347
131 234
7 464
92 279
99 174
76 419
57 177
76 190
78 465
372 454
182 293
291 465
235 304
340 357
58 119
127 478
217 408
277 422
194 424
87 298
147 312
18 427
168 371
88 119
267 350
112 476
318 352
450 471
307 422
210 489
121 188
401 471
165 194
183 248
147 325
293 379
45 314
397 473
135 207
195 258
181 323
144 148
130 250
83 138
162 431
327 498
19 153
101 451
343 479
35 97
52 451
148 159
93 223
46 377
165 328
13 200
238 318
16 205
128 446
141 385
53 272
130 492
278 390
171 264
69 216
280 436
13 92
197 401
49 274
16 326
255 379
241 444
359 436
199 218
69 337
248 339
2 54
70 454
364 406
248 460
382 460
252 350
250 277
134 331
254 396
4 221
97 412
9 336
57 232
76 245
62 347
84 106
180 339
73 176
229 460
303 409
215 296
242 399
8 232
127 183
319 353
379 404
84 227
142 168
80 192
112 410
210 423
297 348
130 171
168 426
25 414
66 415
140 364
186 480
237 418
75 356
402 485
176 179
24 310
5 31
170 364
307 369
12 192
292 475
93 265
406 496
390 488
40 375
119 439
61 205
107 321
415 437
79 488
137 429
255 421
274 434
31 447
278 324
234 483
47 162
327 445
220 319
371 488
197 335
141 211
336 386
294 389
266 327
329 383
76 166
136 217
213 437
139 222
391 443
83 98
215 217
206 397
233 271
150 273
26 466
141 453
488 497
405 499
231 346
215 338
34 448
92 389
245 402
331 405
231 467
229 394
148 469
11 171
250 453
365 403
6 241
270 287
30 305
52 64
90 356
291 346
356 475
78 238
344 357
330 459
154 233
333 464
66 349
200 349
346 403
170 177
323 419
106 421
210 478
462 470
228 303
33 64
184 462
117 472
340 480
73 365
147 314
207 365
279 470
58 242
416 475
387 417
332 481
10 201
40 309
12 247
86 196
130 239
94 316
88 242
14 27
126 268
79 193
423 491
142 478
183 250
339 497
12 139
58 484
237 486
397 475
366 371
256 499
94 437
24 378
265 440
347 479
172 212
223 443
264 444
382 436
343 481
72 395
306 333
190 387
248 328
368 430
134 199
213 492
317 320
262 384
14 403
5 354
118 231
134 441
34 274
449 452
27 234
15 116
157 465
352 411
76 476
2 298
48 414
243 360
96 347
108 401
388 455
305 457
293 302
55 430
154 409
302 307
121 232
434 463
346 350
235 253
430 465
77 81
135 251
121 124
33 240
214 315
186 253
103 484
142 183
54 299
188 299
45 479
334 353
193 377
339 431
17 417
53 74
314 374
121 245
198 428
235 495
197 203
91 487
77 323
126 444
148 203
65 434
299 372
63 361
13 15
362 428
403 429
114 326
192 367
477 499
375 488
301 310
204 377
245 378
28 380
327 447
41 90
60 103
151 450
315 329
375 380
287 496
125 434
160 162
280 493
440 445
104 267
90 332
117 206
452 455
331 394
132 221
269 455
296 329
254 332
259 447
64 171
0 452
27 289
206 291
291 335
222 235
282 286
180 275
97 469
372 445
321 399
131 238
337 343
87 168
106 181
59 106
279 338
97 361
138 399
96 402
80 128
131 359
59 456
133 176
256 475
214 249
52 187
346 405
249 472
469 475
18 310
149 241
300 410
272 348
392 413
10 311
10 82
54 354
381 483
163 297
168 375
154 477
374 480
202 373
21 69
21 190
174 432
26 268
72 384
366 494
58 378
231 269
164 215
260 448
141 268
14 163
250 376
90 158
21 324
241 327
86 453
259 381
102 397
215 274
104 214
81 459
356 398
227 284
159 271
112 159
310 403
370 454
227 405
240 344
78 282
83 397
430 441
17 43
108 161
99 341
173 290
233 341
136 408
316 460
228 347
118 475
6 419
386 411
302 417
99 354
38 344
10 16
207 301
119 417
152 365
399 471
251 344
116 119
314 363
319 478
434 465
1 317
202 307
18 486
46 181
119 430
163 473
314 376
79 250
49 78
109 129
100 309
26 323
306 377
158 250
177 492
278 315
89 150
209 481
271 312
169 264
7 202
86 266
89 271
9 248
382 493
359 482
39 46
454 490
165 387
36 98
234 379
127 216
11 41
236 388
34 439
213 441
56 457
4 38
391 447
196 208
305 380
138 388
231 350
69 288
421 447
27 291
440 460
159 447
200 219
76 412
6 353
243 296
69 409
196 450
17 219
43 127
87 170
61 117
121 168
203 237
10 71
12 117
127 363
388 404
346 407
40 71
205 404
124 479
77 138
89 192
443 461
121 410
295 297
52 310
112 361
133 420
174 421
168 377
239 257
115 487
156 259
188 477
207 490
223 434
104 190
54 369
40 434
58 488
350 367
195 493
102 265
129 139
146 308
280 308
373 499
197 273
109 426
81 327
69 209
211 329
114 396
260 450
26 283
264 340
50 88
146 321
113 144
131 161
50 209
268 287
254 389
157 456
201 499
275 448
247 386
200 274
291 392
29 392
24 48
212 284
110 236
242 392
154 279
29 284
77 180
154 171
10 126
323 357
18 246
91 236
187 469
142 403
59 405
174 355
52 365
434 467
43 316
49 67
293 427
193 489
237 303
94 483
149 190
198 311
84 475
87 480
466 476
144 196
61 427
195 427
176 185
415 430
5 266
101 499
51 153
183 309
241 250
177 494
14 207
308 425
192 250
39 156
9 21
253 381
60 215
373 446
252 385
53 212
56 446
190 446
162 384
69 156
132 441
412 495
238 379
241 384
180 374
106 159
118 169
212 447
97 231
4 40
14 462
444 460
254 336
37 338
36 113
41 457
330 331
217 390
212 460
119 232
45 283
22 70
154 455
187 403
195 227
85 355
291 460
57 293
365 409
78 352
205 393
210 242
316 409
52 70
43 479
133 409
97 486
251 401
177 186
311 415
149 353
205 406
12 240
265 420
33 299
126 261
318 468
225 240
101 433
54 358
119 487
246 299
191 363
177 199
112 484
244 374
137 248
156 261
21 73
383 425
267 479
162 197
181 439
19 377
46 251
137 369
56 151
83 254
415 498
93 447
5 334
371 428
159 249
315 496
48 152
86 444
278 385
62 208
342 491
9 318
262 498
50 90
248 334
326 375
245 450
364 401
229 442
110 225
206 458
13 329
11 219
85 168
236 337
36 168
96 219
8 106
105 389
64 122
229 455
17 276
430 445
3 112
316 343
112 284
272 273
15 122
340 407
59 394
133 343
312 345
358 461
319 469
277 472
309 461
119 300
163 343
130 166
47 131
107 182
145 474
277 364
142 405
18 369
293 308
100 179
149 300
154 415
214 429
300 469
109 120
163 356
33 475
33 246
167 475
65 198
301 411
31 321
162 252
373 435
232 432
311 496
116 486
60 325
79 375
46 427
192 252
296 309
260 386
199 376
78 86
135 391
32 384
169 389
53 443
92 142
266 443
305 371
7 448
180 376
144 453
226 263
138 379
23 392
83 443
317 381
206 284
118 171
120 217
97 233
50 158
270 390
110 172
71 217
122 411
342 451
240 403
138 392
41 459
330 333
173 349
91 172
66 115
406 412
170 172
251 282
184 457
79 175
15 419
214 484
79 296
249 478
469 481
40 75
26 140
102 135
82 193
376 411
128 309
188 360
53 135
72 148
77 492
457 484
181 320
332 489
156 263
100 368
172 207
424 428
137 371
227 264
144 495
125 253
146 312
9 199
0 379
30 221
250 490
76 108
136 159
199 444
37 382
212 383
151 403
393 431
159 264
118 226
414 490
4 326
145 450
30 234
16 336
117 388
81 465
34 390
152 345
138 447
212 396
231 409
310 409
331 468
105 391
31 176
229 457
449 460
11 463
52 235
20 468
290 292
112 407
57 471
82 235
293 418
191 407
91 240
135 246
85 425
323 482
288 461
70 238
223 251
135 138
162 241
107 305
290 426
174 251
86 367
58 305
267 415
52 490
148 198
12 310
39 147
116 367
176 418
9 12
360 498
0 192
51 386
95 429
114 442
348 380
86 380
171 424
111 144
190 437
116 488
451 478
0 313
165 380
378 380
69 268
234 372
280 488
46 321
239 450
192 375
134 141
227 332
37 208
111 157
102 337
196 201
308 442
454 496
66 91
76 284
99 389
153 396
340 451
18 171
85 346
117 335
24 107
222 351
59 330
133 279
224 397
302 465
80 123
38 163
230 333
101 182
133 171
8 405
209 395
145 410
167 169
207 470
177 298
121 174
162 175
313 344
318 459
161 475
395 413
12 123
130 344
89 306
314 424
33 411
286 362
98 311
169 191
155 293
301 347
14 24
362 478
375 417
347 355
144 255
278 484
264 320
234 414
202 381
73 496
293 499
81 320
149 491
171 250
424 430
308 484
382 433
148 266
74 317
183 489
90 261
35 96
39 215
185 269
67 435
26 397
213 489
171 492
111 212
56 276
138 315
105 138
74 330
13 320
321 436
32 333
62 441
136 390
356 393
20 215
50 94
270 326
233 444
345 392
110 229
330 498
297 321
388 439
136 403
409 498
6 293
78 398
207 283
138 449
160 467
80 178
66 280
233 457
98 232
203 285
87 110
31 178
344 409
2 416
216 345
142 167
152 360
36 414
22 479
272 398
57 473
15 476
188 404
17 293
130 170
33 237
360 366
406 482
114 310
246 466
311 366
61 420
176 178
181 256
167 358
51 146
216 479
147 379
329 356
12 420
353 484
70 132
28 135
0 302
148 200
239 318
46 189
285 434
82 371
150 246
348 490
21 132
26 439
20 136
116 369
83 192
341 487
79 487
5 272
44 200
49 315
68 328
150 367
71 74
241 485
180 246
4 20
303 316
236 262
275 375
187 262
159 429
266 326
178 442
15 155
212 440
78 211
231 453
317 493
157 275
69 162
16 272
194 278
69 283
154 327
11 278
222 461
222 232
120 450
309 386
161 222
298 456
173 232
76 299
122 415
15 289
185 471
40 53
17 335
22 184
209 276
337 461
147 300
246 279
31 125
325 343
173 474
112 464
258 289
115 469
290 470
276 343
114 244
45 410
3 184
127 479
182 415
94 302
300 407
33 292
52 305
79 179
276 464
168 372
295 413
144 365
101 439
169 314
301 470
42 475
350 362
162 311
5 327
137 254
345 368
37 252
0 370
487 488
280 424
65 499
426 478
233 312
153 319
37 373
70 321
35 448
153 440
172 453
37 265
364 394
160 335
385 453
252 338
217 317
164 225
103 215
20 446
20 217
4 209
201 494
96 212
27 341
25 268
338 499
291 387
134 440
208 389
15 223
221 328
331 459
193 229
69 459
66 161
38 328
324 456
180 448
87 220
124 287
256 406
76 475
277 465
24 56
235 468
106 354
221 341
133 457
270 462
130 159
168 414
140 352
47 124
365 470
318 395
101 131
362 401
12 59
112 411
286 298
184 287
274 409
389 396
163 349
70 121
151 194
257 361
174 363
56 78
98 489
49 304
34 181
204 363
74 253
301 417
218 382
229 248
0 425
248 261
234 363
211 379
156 443
227 323
273 439
144 325
4 22
470 495
118 272
164 388
217 251
117 313
370 493
81 390
26 454
70 497
358 375
60 452
324 498
458 498
21 497
356 450
442 490
15 157
171 441
76 288
115 216
268 458
87 154
326 436
83 449
55 350
22 173
76 409
337 450
64 291
386 463
182 404
316 404
112 345
217 398
230 337
413 458
17 458
91 407
94 412
189 420
142 345
128 181
61 356
66 471
146 171
43 487
54 353
40 189
88 351
28 71
220 241
332 482
115 484
155 297
264 432
369 485
129 244
165 426
82 428
76 88
375 421
34 128
116 426
176 477
150 424
306 442
39 98
350 485
41 144
27 209
132 262
197 391
103 204
260 447
7 267
48 268
419 440
312 314
28 326
289 330
421 486
32 445
151 396
113 141
71 144
30 106
133 204
248 450
110 220
154 263
30 227
16 329
98 102
312 327
119 161
75 91
319 451
84 96
15 225
414 496
328 456
91 220
214 290
52 228
119 174
22 241
149 282
115 405
49 51
45 346
265 349
107 177
320 406
339 419
232 293
292 344
58 177
311 357
56 67
176 398
121 233
0 172
202 306
334 462
306 363
3 362
56 188
52 483
24 421
404 413
183 185
40 365
292 357
37 67
42 182
280 468
389 411
141 309
72 438
42 303
234 473
65 435
68 440
7 201
213 306
34 75
229 250
74 376
294 379
137 432
269 322
114 448
62 258
146 373
44 96
131 213
81 392
143 452
377 390
108 202
32 392
99 153
35 397
442 492
18 164
205 256
8 385
8 156
44 338
145 390
2 341
29 215
180 384
326 438
59 94
91 275
154 331
44 459
332 337
194 403
235 404
161 226
91 167
182 285
135 173
214 237
332 458
221 398
128 170
100 108
256 355
89 178
107 232
258 401
24 234
98 183
82 175
353 409
251 398
283 350
61 237
181 302
98 304
10 191
304 409
67 173
380 404
163 406
168 484
65 248
445 469
32 71
63 175
274 358
320 474
144 248
19 253
146 294
299 307
102 143
252 316
202 495
136 141
67 307
26 269
185 262
253 433
34 251
232 495
259 369
363 426
187 200
21 433
62 434
7 498
444 499
62 205
20 208
59 136
143 278
151 398
6 394
240 332
9 436
321 442
131 281
57 103
122 461
106 224
4 442
418 496
55 407
8 332
127 283
173 399
217 442
411 456
304 330
142 268
367 386
344 402
106 466
149 284
140 235
131 415
161 294
174 233
311 467
149 176
135 241
176 279
281 295
47 128
322 333
5 131
290 300
109 225
12 292
53 64
278 411
311 359
209 348
396 403
5 252
82 472
216 472
274 413
12 184
199 239
33 243
109 467
35 252
183 187
174 367
53 306
53 77
396 416
41 188
171 419
192 478
16 23
86 496
199 373
280 483
357 437
71 80
351 363
375 491
120 201
171 432
78 204
261 325
131 215
449 497
41 443
118 397
25 206
85 220
11 42
219 220
351 376
222 225
331 397
413 436
38 266
120 335
161 336
59 325
298 341
64 174
196 330
77 113
24 223
277 403
249 341
194 405
340 459
147 293
73 115
353 398
210 349
17 220
215 464
77 234
209 390
154 454
374 457
221 400
320 342
339 355
85 475
200 462
360 414
79 401
101 419
121 290
327 358
225 347
371 401
63 285
109 172
21 59
280 404
299 417
445 471
54 357
40 193
334 411
72 145
102 253
88 355
198 486
239 258
192 412
13 181
225 360
137 476
357 479
48 138
72 495
125 129
278 371
264 436
190 258
201 353
65 492
187 189
132 253
151 266
145 192
479 482
129 369
55 154
13 194
164 326
136 264
53 495
5 454
35 333
164 218
236 323
57 92
309 313
59 138
97 164
36 154
11 326
35 454
291 380
29 380
328 447
124 388
297 316
242 380
233 331
30 231
79 93
24 157
409 493
101 111
358 447
91 332
13 449
12 160
210 404
31 173
3 111
140 345
11 460
161 404
80 415
107 289
43 304
244 294
251 455
292 456
75 229
11 473
137 289
104 112
288 458
119 420
64 484
246 461
232 297
383 466
14 74
98 482
373 421
10 369
35 133
70 356
470 475
211 251
34 66
102 200
19 431
164 260
21 477
329 364
7 313
29 72
375 480
347 418
125 305
90 203
122 155
259 426
424 493
143 214
44 437
252 386
62 491
282 494
139 216
6 101
212 435
138 257
50 144
44 329
351 486
43 104
224 381
36 330
69 278
27 281
11 273
117 440
212 448
196 440
94 163
145 394
90 458
112 217
84 155
87 389
307 392
73 225
325 446
196 332
22 408
55 356
107 223
217 391
184 214
290 344
142 217
416 456
223 290
228 405
314 408
286 346
179 220
244 349
59 340
188 225
427 470
12 228
70 169
179 341
313 341
5 188
343 449
80 483
181 306
198 475
5 80
10 424
211 414
32 183
238 288
293 483
100 354
47 427
126 491
101 434
183 244
62 183
204 303
42 470
9 64
294 425
198 488
280 298
285 376
150 188
213 473
125 360
204 424
171 476
4 70
248 430
308 481
137 370
16 309
269 489
315 376
361 492
15 84
72 389
53 376
245 317
83 484
281 499
113 363
233 428
287 435
345 376
143 390
160 330
407 436
71 258
16 322
18 102
157 446
163 197
127 274
11 99
138 325
105 148
256 280
219 398
38 323
98 108
84 210
323 455
142 151
1 175
119 167
8 336
149 275
43 293
101 234
268 411
161 285
31 175
77 291
223 345
80 296
214 296
179 275
258 339
24 172
65 173
323 468
142 164
224 462
154 403
198 409
98 471
392 460
114 186
141 289
265 355
149 409
33 234
360 363
239 302
46 173
390 471
422 460
306 477
22 489
415 420
74 356
46 65
285 310
51 143
95 186
92 117
74 248
201 289
454 469
5 377
473 482
266 418
192 240
255 296
28 482
146 245
280 474
247 297
123 490
67 366
92 130
234 479
55 211
211 495
18 36
59 74
14 331
449 488
275 372
247 310
117 200
120 434
9 374
17 198
55 345
186 276
203 216
235 397
73 106
78 450
251 378
289 404
230 440
249 453
15 286
86 166
420 456
318 445
115 345
40 171
149 343
295 397
176 217
214 472
19 233
246 397
24 469
63 168
193 426
34 110
457 472
295 410
116 179
396 462
290 480
389 459
218 311
165 421
60 139
46 241
225 472
51 319
362 477
76 83
53 365
58 480
306 316
199 419
171 357
116 421
456 489
220 478
349 363
146 300
118 201
197 494
370 422
7 370
227 373
144 375
6 145
218 324
56 262
363 419
238 424
145 196
384 478
120 139
20 201
111 319
229 311
60 273
118 214
150 432
16 203
2 268
117 255
24 27
48 155
180 311
45 86
50 201
215 268
261 384
407 438
263 430
222 392
20 443
39 456
133 320
50 322
69 335
140 215
277 449
87 96
17 266
200 387
29 276
340 397
196 389
443 495
214 406
360 460
85 292
38 446
38 217
76 472
147 352
54 161
193 468
80 298
179 277
156 293
362 398
265 465
77 414
253 347
19 180
98 473
82 236
311 473
149 411
47 134
52 478
220 291
285 420
142 408
109 231
174 360
246 465
144 417
125 175
181 484
5 258
32 132
169 366
285 433
233 243
128 486
40 373
86 489
361 428
465 485
102 433
0 422
55 92
60 207
321 477
104 250
439 469
442 474
34 420
252 269
90 436
150 487
222 326
69 498
449 490
146 489
8 259
407 493
30 277
273 449
85 334
43 108
73 216
226 495
11 277
379 444
6 347
256 458
94 396
435 460
223 281
94 167
135 168
307 396
265 399
177 286
80 124
100 224
158 165
3 291
295 399
195 461
154 460
80 245
374 463
46 109
65 122
188 458
274 461
39 69
75 288
135 302
401 458
82 412
12 353
86 302
34 112
177 420
56 130
357 472
202 369
2 15
81 308
361 362
232 477
70 186
190 251
88 469
162 418
267 471
445 477
252 311
238 413
114 377
67 302
375 418
320 482
129 362
239 493
104 305
49 369
90 370
269 372
315 488
153 426
20 311
139 262
185 378
92 187
23 316
212 252
102 380
105 126
14 267
196 244
5 447
8 193
467 478
236 316
39 445
111 321
160 442
48 386
263 311
414 480
94 209
324 442
318 368
136 391
39 458
284 491
50 324
108 265
374 384
145 332
175 440
54 150
367 381
196 499
228 451
388 440
219 402
381 400
119 171
243 466
140 230
267 271
10 120
395 456
114 177
228 464
52 467
52 238
19 61
63 333
1 421
246 454
195 408
396 398
74 118
165 236
5 18
394 473
158 233
190 414
41 62
53 301
317 347
104 239
150 355
190 427
451 468
248 368
132 193
169 489
103 135
345 422
364 435
143 207
55 94
27 261
206 263
159 417
104 481
27 32
221 248
56 440
303 317
160 497
99 258
309 482
69 271
377 387
55 336
261 441
104 494
131 331
103 269
48 333
207 326
240 274
78 212
413 431
50 379
96 266
103 390
18 282
209 264
57 395
43 460
76 408
222 462
115 336
128 275
265 280
31 113
196 446
376 498
87 395
130 213
149 226
94 290
85 470
98 409
244 463
279 457
86 291
158 167
70 283
225 342
123 294
68 129
21 54
241 286
153 173
86 183
158 288
3 414
281 358
126 484
385 415
211 299
56 132
281 479
95 474
95 245
315 477
39 313
92 176
190 482
162 420
146 412
275 297
68 492
384 469
172 320
378 425
317 415
157 197
102 261
396 479
50 71
74 428
201 469
32 431
266 369
472 474
57 195
2 30
227 377
143 154
23 439
4 197
212 375
23 210
50 313
55 162
178 498
338 487
328 442
6 391
226 431
133 203
152 216
372 485
205 308
344 386
256 273
71 264
186 214
425 496
208 498
175 321
142 144
240 450
110 340
58 150
215 393
182 216
300 437
112 386
15 453
193 230
3 335
3 106
228 453
135 225
156 284
276 386
205 442
121 448
214 410
147 356
133 458
31 410
177 235
163 337
149 402
116 225
179 281
280 333
189 474
216 348
183 400
174 351
204 230
424 462
162 233
148 298
82 469
357 408
49 63
274 410
7 66
42 289
314 482
47 367
220 295
151 195
114 313
134 228
204 472
185 193
37 66
83 182
0 413
93 375
99 126
44 190
197 432
49 305
417 472
260 488
375 475
461 478
144 313
185 314
229 357
118 260
217 239
236 252
326 411
226 244
102 437
321 481
250 308
351 360
419 494
377 497
129 432
275 486
22 40
66 83
305 365
425 430
208 432
180 370
240 384
9 488
41 440
118 394
121 140
145 497
217 373
351 373
318 425
358 497
31 102
435 451
13 499
66 325
30 402
365 392
310 456
48 456
175 268
6 459
325 441
127 456
24 220
205 497
339 460
3 282
314 403
170 395
73 233
191 454
126 473
179 336
313 336
158 169
285 358
190 242
126 486
202 481
21 406
260 422
213 347
438 465
171 350
97 135
14 137
253 419
74 188
46 355
206 307
192 409
338 463
30 81
227 366
180 291
171 242
102 371
41 132
151 492
250 471
9 301
330 356
132 371
90 374
112 133
150 425
29 135
166 369
96 310
49 494
131 267
217 307
230 246
15 92
309 310
1 157
106 210
196 369
173 385
66 259
11 323
351 428
15 213
78 498
284 374
210 388
316 326
425 498
103 447
29 269
409 490
188 262
58 152
311 332
108 269
244 278
376 434
161 280
45 334
64 347
182 339
223 340
52 229
43 409
21 98
26 176
182 460
109 332
21 219
174 232
265 350
72 184
89 353
42 278
283 404
147 479
53 292
213 281
336 351
234 340
159 166
16 117
174 474
232 415
218 251
369 420
41 66
60 79
431 480
150 238
166 182
0 415
46 302
132 305
81 488
62 246
208 300
70 366
349 424
44 313
16 251
134 243
139 321
20 141
78 82
110 263
96 365
173 319
153 377
133 139
205 244
231 445
44 326
30 391
85 98
249 435
309 486
1 104
18 44
94 268
214 333
167 258
126 220
71 321
79 145
175 378
235 392
64 281
416 440
283 325
374 443
73 222
367 440
75 268
66 448
300 386
112 335
376 381
422 497
334 384
279 448
265 284
75 160
74 164
10 408
54 222
86 174
3 405
80 359
299 403
10 300
155 395
125 223
176 454
396 457
107 354
0 228
146 282
239 244
280 282
389 454
287 406
259 344
171 231
181 424
93 311
65 478
239 365
169 306
20 183
199 414
70 300
229 293
294 422
238 298
164 312
269 365
117 237
342 355
347 470
243 312
146 416
65 491
44 368
426 470
236 309
7 486
289 320
99 196
159 247
250 365
115 140
59 245
330 479
22 97
132 494
94 202
16 319
38 78
43 156
208 489
87 199
400 430
418 484
196 371
297 423
316 436
117 492
54 143
86 95
108 379
145 446
258 323
54 264
399 447
31 51
89 221
256 398
80 172
404 498
175 446
142 269
325 390
366 391
223 342
0 41
184 387
49 162
119 406
17 395
42 159
102 173
202 296
67 337
141 286
100 285
135 242
9 103
0 283
327 412
123 353
329 458
364 415
253 355
294 356
60 189
151 307
51 369
461 469
48 71
259 291
111 127
234 463
129 181
93 487
51 490
32 248
49 417
123 366
150 469
324 356
103 128
7 191
28 479
317 353
239 433
2 197
461 482
391 423
377 488
22 31
269 433
131 203
263 359
29 192
222 321
4 135
157 377
321 485
103 262
22 273
349 439
435 442
154 200
99 264
16 495
365 383
203 321
216 260
92 490
64 391
261 447
228 270
52 273
422 486
279 437
36 450
55 463
77 222
300 496
374 445
291 447
98 281
244 335
103 396
101 286
202 338
293 456
191 216
17 329
3 394
223 397
33 44
0 96
211 279
274 335
52 407
24 345
288 391
74 287
79 402
21 168
70 289
49 351
21 289
130 461
88 464
382 416
169 308
375 413
70 302
56 367
102 254
19 485
206 311
393 403
1 27
166 360
64 83
129 478
247 470
159 357
338 359
2 373
84 183
122 438
139 378
97 381
303 486
398 494
150 429
139 499
94 204
300 309
57 322
337 376
1 161
303 499
154 376
420 495
115 384
430 432
289 456
344 392
242 381
121 320
300 322
422 433
141 154
77 398
77 169
300 443
313 382
82 220
290 398
128 336
12 161
22 354
267 387
0 43
43 413
46 159
63 328
189 467
68 177
169 229
158 336
140 467
79 457
19 177
51 358
49 285
169 350
366 406
75 459
116 460
308 401
165 352
170 467
211 468
26 193
74 355
132 296
32 358
104 234
90 299
461 471
12 416
262 298
308 414
41 299
473 481
25 62
431 484
42 416
41 191
165 486
159 183
30 261
153 368
194 369
73 79
83 309
303 312
206 379
233 482
16 484
29 194
309 477
345 430
9 481
344 434
297 359
335 385
44 438
219 439
85 210
24 200
166 320
73 92
152 385
283 316
99 495
140 267
57 498
131 447
106 390
243 395
209 259
420 442
184 202
337 444
189 280
230 318
47 52
346 385
128 391
177 283
3 396
22 409
89 170
33 275
170 280
32 50
376 385
81 171
176 216
79 283
46 106
123 289
197 238
68 124
95 227
169 176
246 396
153 168
347 448
72 243
264 413
46 227
445 461
35 297
218 418
264 305
308 348
373 477
44 238
159 225
32 184
172 423
287 410
139 246
20 66
56 477
212 236
69 187
14 251
165 420
239 369
34 351
53 364
359 407
6 23
78 128
317 410
336 423
13 413
354 477
51 439
136 483
76 203
48 370
20 308
190 490
41 367
108 128
250 477
217 300
189 201
1 150
102 498
421 480
13 426
48 383
120 259
161 260
59 249
196 483
215 496
349 496
319 324
186 209
84 427
24 147
318 365
399 438
335 453
61 150
11 329
353 443
182 332
75 206
33 209
188 268
40 104
311 338
89 225
168 289
79 446
246 330
95 282
169 231
7 169
53 56
190 290
165 233
82 464
139 180
75 461
322 338
220 290
151 419
257 357
35 244
172 478
39 363
466 467
405 457
160 360
19 421
197 427
328 358
264 373
410 427
60 314
25 64
324 360
28 483
124 191
335 374
35 378
117 417
458 481
236 368
268 320
9 362
129 427
55 212
30 384
153 491
180 365
23 381
196 309
55 333
215 322
22 156
85 441
272 304
38 137
222 446
82 143
400 489
59 196
191 315
195 205
286 323
184 312
3 156
214 339
200 441
112 328
313 318
404 436
18 400
174 388
204 267
327 337
371 380
202 342
73 457
234 267
0 100
142 449
183 221
7 224
314 411
179 223
13 160
290 468
150 165
169 178
81 294
320 347
70 401
199 286
88 455
322 393
88 226
239 358
46 229
299 409
100 465
199 407
58 468
53 124
231 359
253 414
65 363
151 366
393 394
433 466
70 414
50 176
123 425
145 184
106 192
96 184
206 315
159 469
118 202
200 241
120 248
303 369
148 495
115 254
92 307
201 479
22 211
333 369
189 324
161 262
312 431
124 380
243 331
8 434
333 490
99 323
82 90
243 452
358 439
184 488
137 147
188 378
367 380
110 458
397 488
369 389
195 273
492 496
98 340
299 330
147 461
40 106
61 165
253 335
63 211
128 340
21 214
155 214
353 458
61 286
0 47
406 469
170 458
151 179
51 241
123 346
81 120
246 453
183 289
436 469
174 469
232 410
39 244
56 413
336 467
74 467
129 174
329 464
287 467
213 289
83 179
104 467
137 415
145 239
90 303
269 305
136 419
48 306
166 298
83 300
50 123
41 303
154 180
131 196
76 260
62 362
134 467
208 416
84 121
20 365
23 370
143 435
69 257
275 362
13 362
217 357
22 266
13 483
333 424
131 438
351 478
2 324
84 363
76 273
222 327
105 193
31 207
297 363
108 198
154 314
11 494
423 438
17 201
149 320
182 268
73 446
68 102
214 341
286 446
156 336
88 323
33 158
368 377
371 382
54 217
45 397
26 118
89 174
383 392
28 164
267 446
148 229
24 459
10 295
54 338
62 162
116 169
183 344
89 416
218 301
162 406
32 296
21 403
155 403
53 355
172 306
158 408
176 462
55 135
273 479
139 250
452 481
22 79
46 473
71 237
425 469
122 202
180 409
254 358
106 194
152 310
83 476
64 197
379 474
328 428
6 148
18 202
312 420
41 371
1 154
106 207
96 428
182 431
242 482
335 444
333 371
272 361
189 326
115 148
59 482
124 382
110 447
33 200
230 485
175 320
109 195
128 208
279 377
22 226
131 398
115 390
175 441
70 95
176 262
66 390
52 455
43 406
304 447
193 350
26 173
125 152
167 334
65 286
266 276
211 340
155 445
193 471
7 52
394 461
31 409
72 181
70 337
51 243
211 232
104 106
348 466
81 122
287 456
34 47
72 302
278 407
146 453
81 243
72 423
20 233
116 466
111 122
60 305
146 345
13 230
96 120
239 428
178 418
7 307
359 466
336 482
22 26
154 182
71 413
351 467
62 364
96 362
173 316
30 496
57 141
103 257
268 324
166 313
413 419
124 316
195 196
186 376
101 268
428 434
207 435
22 389
401 422
337 437
175 375
441 494
353 381
31 330
163 257
94 386
195 209
267 314
346 378
198 214
29 442
290 446
216 268
155 258
320 325
200 445
93 282
24 448
170 273
193 405
12 101
355 440
65 112
128 397
322 384
126 472
426 441
274 343
232 346
273 347
218 411
262 454
28 287
74 403
452 470
6 124
363 398
19 359
159 339
134 282
122 191
245 298
83 236
96 175
95 475
81 311
34 236
363 411
160 311
206 427
66 124
81 432
152 312
335 433
178 486
184 237
134 416
356 492
175 188
340 484
59 242
50 422
182 312
127 376
228 428
173 492
173 263
305 419
337 371
161 374
23 440
152 325
182 204
314 323
66 258
323 328
307 320
73 153
205 309
265 323
77 272
182 325
121 315
30 456
156 272
161 387
4 440
45 212
355 374
253 326
51 111
290 393
40 218
251 438
162 329
179 269
19 51
72 291
232 280
74 337
360 465
373 404
137 393
32 111
156 406
16 103
269 283
7 283
70 339
149 403
387 460
280 334
46 167
65 409
128 465
172 242
72 304
385 471
25 165
44 178
338 396
417 460
260 476
81 245
34 170
287 350
199 237
160 245
151 425
252 477
26 430
6 192
5 492
20 248
185 315
358 472
303 307
35 492
263 356
106 372
83 425
110 262
449 482
3 136
187 482
27 264
217 361
48 323
23 495
4 253
3 257
163 246
27 385
13 487
66 313
112 429
54 195
207 208
119 324
58 85
401 424
222 452
73 329
119 216
191 321
137 206
1 345
257 271
427 453
246 378
163 380
89 165
209 496
116 268
140 396
104 150
128 278
202 227
205 498
394 397
204 273
9 34
181 289
371 386
51 179
197 233
150 158
81 287
7 109
179 337
225 453
32 58
308 343
13 166
134 163
190 472
97 244
410 475
129 462
220 351
13 287
132 238
285 480
62 408
194 298
106 185
4 174
13 179
134 405
122 314
254 470
326 346
229 413
363 413
3 70
108 123
8 185
305 408
377 432
163 180
242 473
85 260
152 435
413 476
124 373
143 386
200 368
425 486
222 386
87 198
59 365
367 481
325 484
196 370
149 258
420 492
79 199
87 319
59 486
91 438
388 432
170 438
29 499
362 379
339 395
300 440
360 454
19 161
184 494
79 212
68 282
58 274
74 218
63 325
21 328
12 279
141 164
172 231
130 271
190 285
195 400
88 274
93 352
156 408
250 272
114 411
174 462
190 406
391 396
206 350
178 288
227 409
92 221
116 349
14 301
0 403
252 358
76 132
180 226
336 473
234 462
32 476
2 75
103 127
23 363
152 248
55 315
11 245
11 16
398 425
310 312
34 414
29 70
243 487
229 360
32 489
134 473
187 484
388 474
228 256
423 431
10 33
59 420
279 423
212 433
358 487
31 92
397 415
8 374
476 479
94 148
61 200
79 254
109 133
58 87
85 449
43 452
163 490
174 275
22 406
401 439
1 468
114 345
81 168
130 326
387 396
51 181
269 340
21 275
172 407
158 280
107 463
382 402
252 292
197 356
123 407
72 361
254 338
281 471
456 472
132 348
81 302
208 343
240 295
37 232
157 297
259 466
83 469
102 482
437 472
129 356
41 243
113 348
421 464
159 464
20 305
273 485
73 131
212 475
50 184
303 364
55 262
71 243
106 429
240 429
110 319
316 424
13 423
333 364
236 431
203 254
356 496
48 380
73 144
119 260
297 303
27 442
112 486
207 265
100 139
163 195
195 376
66 262
115 383
95 145
228 445
267 373
286 386
186 448
0 29
198 273
46 145
169 215
422 432
367 496
7 153
67 204
58 384
223 451
107 276
181 225
373 395
394 454
172 341
47 117
93 462
41 43
10 464
183 392
114 292
158 335
20 105
83 161
93 354
294 344
252 347
40 464
141 287
227 290
359 446
56 408
248 349
192 454
44 290
62 344
226 452
245 465
264 478
206 473
63 461
324 465
439 452
241 467
461 470
106 242
157 244
127 301
8 121
32 478
192 467
412 470
104 354
309 463
386 417
298 304
124 417
228 245
305 465
38 121
442 470
10 22
142 178
331 373
196 414
96 476
286 307
217 473
120 311
23 378
358 368
108 422
11 489
300 363
80 94
103 492
101 153
128 256
119 207
246 248
210 325
72 95
17 196
11 381
52 382
93 154
216 261
49 84
188 428
207 441
174 264
246 369
64 392
58 318
3 382
163 371
209 487
420 441
54 320
209 379
121 266
19 218
79 269
373 450
128 390
408 444
278 334
238 383
183 218
100 449
313 449
192 388
51 183
90 111
7 342
70 398
382 404
321 394
169 296
218 417
60 245
46 347
440 466
180 283
39 307
433 463
28 414
90 474
425 464
199 417
284 461
418 461
69 307
201 463
187 299
233 415
254 474
414 463
50 186
289 431
113 471
407 423
200 359
106 431
191 246
17 130
411 434
10 90
455 477
91 429
223 319
176 244
300 310
167 195
79 311
79 82
258 313
409 482
87 431
77 386
75 313
61 149
200 493
57 444
93 101
165 206
362 491
288 313
67 85
195 499
135 219
429 437
107 157
327 389
272 490
148 158
19 44
65 160
158 324
83 150
26 289
7 47
72 405
158 445
58 278
116 448
157 220
248 338
211 456
169 230
361 400
23 112
0 394
96 102
116 461
78 169
143 298
2 66
287 464
361 413
199 351
185 416
9 227
206 475
247 284
197 426
34 405
50 349
192 469
252 483
153 477
328 478
224 357
50 241
173 311
112 301
98 137
337 419
221 473
4 475
31 83
57 257
203 311
230 414
101 263
106 378
367 419
224 370
284 421
163 360
43 214
15 381
59 424
100 196
251 365
292 366
397 419
22 276
11 383
346 373
24 322
142 314
87 378
133 494
408 433
45 381
64 394
149 209
107 212
225 433
46 202
142 435
128 271
169 272
12 325
53 97
237 443
267 322
146 261
165 274
285 339
109 379
155 495
21 266
114 228
86 395
262 328
102 110
14 226
285 460
394 403
172 290
273 342
226 267
176 446
253 400
41 221
165 287
338 444
315 460
56 236
42 338
129 226
160 293
342 455
111 293
59 103
102 473
377 412
41 234
51 427
200 227
104 290
95 470
370 409
222 245
342 347
133 173
391 468
124 353
330 458
113 460
164 425
145 183
57 299
62 414
84 173
428 471
207 243
215 363
127 250
52 76
340 479
4 301
14 494
108 129
99 309
66 132
131 490
217 301
258 302
59 358
110 323
96 425
127 492
61 138
43 269
392 423
205 304
149 372
223 321
182 320
0 20
258 315
390 434
82 89
33 318
107 267
114 391
100 493
293 393
77 280
313 493
387 442
170 444
130 493
195 393
102 165
54 390
301 496
12 393
53 165
83 273
336 453
74 224
13 214
81 348
139 289
254 276
306 466
363 448
60 410
132 286
192 337
118 122
35 353
260 471
199 461
39 243
218 474
116 463
14 415
69 122
14 186
248 353
41 289
44 294
412 461
169 474
185 418
129 294
324 469
439 456
291 292
84 228
358 467
124 300
36 187
294 482
453 475
29 184
309 467
235 252
92 469
18 254
226 469
64 141
91 244
58 67
118 377
11 251
272 292
263 472
10 26
97 439
3 252
335 496
332 427
24 311
392 478
210 437
42 72
135 263
85 442
33 252
19 88
43 445
263 485
483 488
276 424
59 426
207 324
174 376
61 206
174 497
293 448
26 104
210 450
177 273
61 327
33 265
107 214
35 45
114 338
141 212
86 276
172 279
102 220
47 284
21 268
95 217
67 384
7 104
306 400
102 341
107 456
19 343
41 102
299 397
266 449
72 354
56 346
317 387
74 400
354 454
32 403
266 341
150 166
136 231
363 395
426 451
305 390
197 362
164 185
136 352
2 123
18 67
97 360
138 398
138 169
17 108
160 416
247 341
118 419
252 419
268 363
139 478
273 478
106 301
73 124
92 174
9 405
50 406
289 422
16 300
76 314
138 411
45 183
8 301
379 473
57 193
337 476
48 373
1 261
298 484
177 194
173 489
66 363
11 427
374 479
272 468
115 255
45 425
119 145
126 269
376 417
293 382
311 436
209 425
140 325
181 326
1 395
31 274
75 317
181 218
184 489
225 490
82 441
49 264
362 495
40 215
199 208
56 159
9 84
255 490
111 216
317 321
41 157
132 275
51 350
357 393
301 498
56 401
245 337
229 329
162 339
34 275
157 345
41 170
178 404
103 230
268 297
39 474
111 350
6 68
127 294
160 242
51 484
305 337
217 224
81 363
122 364
48 415
43 71
39 366
4 345
331 474
64 130
90 304
62 471
328 361
78 186
377 482
71 412
103 364
226 471
133 243
367 410
152 256
187 479
25 417
145 482
112 426
177 262
108 428
286 434
346 485
79 370
170 488
318 423
299 373
21 136
119 442
26 214
232 319
204 257
189 393
265 388
72 222
89 162
209 493
121 380
107 445
322 370
179 321
41 91
447 486
158 383
163 498
60 225
225 329
137 445
371 383
389 437
315 451
7 106
70 391
4 37
49 224
21 391
403 456
2 112
213 332
56 348
69 287
437 454
148 351
96 161
398 462
150 397
263 274
78 228
83 343
187 400
206 413
236 292
337 344
39 421
50 287
69 300
201 456
289 303
220 469
440 472
398 475
150 410
263 287
115 123
92 405
73 126
56 482
330 462
194 308
235 309
124 249
418 467
3 188
302 484
335 432
11 308
167 296
337 478
244 250
26 27
31 142
344 373
397 465
256 260
126 150
19 24
98 317
362 363
75 306
392 427
230 365
15 440
68 266
265 322
110 448
58 258
292 425
130 363
22 335
416 491
107 379
406 446
271 487
63 80
169 210
190 269
199 210
366 387
0 266
153 215
287 444
223 459
88 271
468 492
19 400
146 441
385 457
252 342
81 460
7 282
347 387
180 210
39 234
116 454
14 406
248 344
8 103
44 285
199 344
226 447
150 344
59 162
270 345
44 298
324 352
323 356
194 242
106 129
6 191
4 347
92 231
331 476
196 288
289 479
113 290
30 484
2 422
400 468
96 471
160 486
66 70
71 414
103 366
134 470
307 361
78 309
210 428
110 261
77 313
11 255
272 296
24 194
423 428
126 326
286 315
131 441
137 192
161 320
348 375
209 482
116 254
140 382
38 371
24 436
49 200
422 482
21 138
174 380
45 495
279 433
380 485
232 321
58 434
88 313
65 329
68 334
183 321
95 208
389 426
67 375
12 439
83 90
181 396
167 498
192 262
252 276
394 396
34 90
378 388
135 401
262 442
308 329
294 394
354 445
151 345
266 332
269 337
95 450
62 273
204 393
190 458
212 217
30 176
444 459
153 283
56 350
215 343
289 292
220 458
127 230
421 448
354 458
51 420
338 450
15 174
196 222
60 361
151 479
154 225
266 466
48 243
166 464
119 123
196 343
96 405
261 472
252 423
175 405
414 458
372 461
416 467
282 423
18 313
143 493
210 254
3 190
22 203
161 254
105 359
251 413
3 311
416 480
182 313
135 201
167 419
98 319
5 91
276 362
73 262
205 418
3 432
297 421
33 311
420 491
112 375
32 86
101 445
109 306
276 483
158 198
374 496
280 309
5 104
156 273
150 199
246 432
177 332
75 321
190 271
484 489
267 491
67 322
53 158
89 340
135 456
396 497
192 438
405 438
116 335
231 285
262 389
468 494
41 161
60 174
239 405
343 499
254 390
120 161
157 457
146 335
132 400
247 387
25 45
16 225
125 397
245 462
143 185
338 397
16 346
328 352
273 416
23 470
152 355
331 357
36 180
215 411
349 411
8 118
187 349
233 465
30 365
52 124
115 180
161 296
106 131
270 468
124 185
11 244
282 478
91 129
397 401
55 435
3 16
228 363
118 491
52 137
24 304
147 374
105 414
110 492
270 481
177 253
19 81
156 315
204 248
170 371
63 245
376 476
288 363
72 213
3 379
19 323
0 81
299 377
123 151
381 446
205 486
81 154
466 490
383 492
295 379
74 151
151 334
16 146
257 272
274 441
322 374
102 105
79 387
299 390
68 457
403 447
320 449
447 490
240 281
350 449
83 334
97 232
171 218
201 326
68 470
81 409
15 55
326 442
97 124
377 407
201 447
20 291
224 286
124 348
196 224
96 286
215 237
117 345
103 181
342 463
60 484
25 463
25 234
233 412
30 312
395 410
31 133
154 240
195 241
186 421
29 474
10 195
6 490
110 318
96 420
316 423
222 495
193 208
19 257
109 187
367 482
130 246
181 211
420 493
313 367
93 98
101 447
274 375
67 311
287 314
17 490
347 365
177 442
191 377
199 201
3 326
94 444
415 499
211 440
390 442
130 259
